10	1	1	500	490	0.5985044911503792	0.009490512311458588	1.2096593156456947	0.0070418864488601685
10	1	1	500	409	0.5872132107615471	0.00821087509393692	1.1497024223208427	0.005549915134906769
10	1	1	500	490	0.6054456233978271	0.00813215970993042	1.1485628560185432	0.010120533406734467
10	1	1	500	497	0.5984238833189011	0.008540816605091095	1.286238670349121	0.013829149305820465
10	1	1	500	498	0.6446718201041222	0.009234517812728882	1.0751499086618423	0.008138209581375122
10	1	1	500	482	0.5979234576225281	0.00921853631734848	1.6547202989459038	0.09480918198823929
10	1	1	500	483	0.5258062183856964	0.008077405393123627	1.5690291300415993	0.12561720609664917
10	1	1	500	499	0.6047226935625076	0.008382976055145264	1.1480499505996704	0.003761976957321167
10	1	1	500	489	0.6134029254317284	0.010233543813228607	1.1442961618304253	0.0038277432322502136
10	1	1	500	492	0.6126430630683899	0.008413150906562805	1.130031242966652	0.007779411971569061
10	1	1	500	473	0.6131935566663742	0.008844763040542603	1.0621859729290009	0.007565699517726898
10	1	1	500	456	0.3200933709740639	0.007401727139949799	1.0461187064647675	0.003919929265975952
10	1	1	500	501	2.6335923597216606	0.008843354880809784	1.582005612552166	0.012524962425231934
10	1	1	500	491	0.6022219061851501	0.009223572909832	1.317945972084999	0.007755666971206665
10	1	1	500	494	0.6114741191267967	0.009576581418514252	0.984390564262867	0.00775475800037384
10	1	1	500	451	0.33770185708999634	0.01101132482290268	1.0137868896126747	0.003826826810836792
10	1	1	500	443	0.3190757930278778	0.007885195314884186	1.0615780502557755	0.0038422122597694397
10	1	1	500	501	0.6055060401558876	0.00894773006439209	1.4589790105819702	0.008051581680774689
10	1	1	500	475	0.6016481667757034	0.009227603673934937	1.014453873038292	0.006422065198421478
10	1	1	500	500	0.6044332310557365	0.00821736454963684	1.1167739480733871	0.0077040717005729675
10	1	1	500	442	0.31380893290042877	0.008600562810897827	1.052918627858162	0.003758661448955536
10	1	1	500	498	0.6047637239098549	0.008124344050884247	1.1069908812642097	0.008082270622253418
10	1	1	500	462	0.5979237034916878	0.00799165666103363	1.4413698688149452	0.04926798492670059
10	1	1	500	450	2.7123899310827255	0.007765956223011017	0.9069662764668465	0.0032353773713111877
10	1	1	500	470	0.5552663430571556	0.007442541420459747	1.0553005039691925	0.00784551352262497
10	1	1	500	455	0.5957198068499565	0.00901966542005539	1.0770679265260696	0.06853994727134705
10	1	1	500	418	0.6038955077528954	0.00709252804517746	1.1109366416931152	0.007879875600337982
10	1	1	500	471	0.6048608645796776	0.008675597608089447	1.193373680114746	0.09844938665628433
10	1	1	500	457	0.6178637742996216	0.008030012249946594	1.5633255764842033	0.07154911011457443
10	1	1	500	457	0.582369476556778	0.008738309144973755	1.0303733199834824	0.0036234110593795776
10	1	1	500	476	0.6004679352045059	0.008947089314460754	1.4716425761580467	0.01998850703239441
10	1	1	500	494	0.6013362482190132	0.008094698190689087	1.1777991279959679	0.00751863420009613
10	1	1	500	474	0.6001852080225945	0.010392256081104279	1.3895069062709808	0.05933157354593277
10	1	1	500	408	0.5947713404893875	0.007448919117450714	1.1131069287657738	0.004338189959526062
10	1	1	500	480	0.6136390864849091	0.007873713970184326	1.1446344703435898	0.008804567158222198
10	1	1	500	492	0.6035263687372208	0.008651934564113617	1.1119521334767342	0.007492192089557648
10	1	1	500	469	0.5992171168327332	0.007742606103420258	1.6884862408041954	0.1778305545449257
10	1	1	500	443	0.32300685346126556	0.008509449660778046	1.1122334599494934	0.0037729740142822266
10	1	1	500	477	0.6017937287688255	0.007845193147659302	1.4476830586791039	0.08181288838386536
10	1	1	500	492	0.6151494234800339	0.008703038096427917	1.1498955562710762	0.007879294455051422
10	1	1	500	479	0.5992492735385895	0.00816548615694046	1.177269272506237	0.008629627525806427
10	1	1	500	419	0.605069100856781	0.0076258257031440735	1.0732218623161316	0.007777005434036255
10	1	1	500	483	0.6097020879387856	0.009186074137687683	1.0476349890232086	0.0078098103404045105
10	1	1	500	404	0.6159636601805687	0.0072569772601127625	1.3487676456570625	0.08579464256763458
10	1	1	500	501	0.6161473989486694	0.008743710815906525	1.2188524082303047	0.00798063725233078
10	1	1	500	457	0.5869487896561623	0.007530085742473602	1.0964142680168152	0.007600776851177216
10	1	1	500	494	0.6115492060780525	0.0085463747382164	1.0810101702809334	0.004340268671512604
10	1	1	500	490	0.611907109618187	0.008822046220302582	1.1520259529352188	0.00789673626422882
10	1	1	500	464	0.5772311240434647	0.007797963917255402	0.9589612483978271	0.0038472414016723633
10	1	1	500	495	0.6002577245235443	0.00857747346162796	1.1787040531635284	0.0077362060546875
10	1	1	500	453	2.721208155155182	0.007892616093158722	1.3177619501948357	0.007549189031124115
10	1	1	500	462	0.5824307128787041	0.007761441171169281	0.90460155159235	0.003922313451766968
10	1	1	500	466	0.5976275354623795	0.008259780704975128	1.1070025712251663	0.008254840970039368
10	1	1	500	474	0.6106970757246017	0.0076552629470825195	1.1829753071069717	0.006648235023021698
10	1	1	500	488	0.6016699895262718	0.008649788796901703	1.0757642984390259	0.004353001713752747
10	1	1	500	497	0.6494040191173553	0.008653677999973297	1.398915596306324	0.007998019456863403
10	1	1	500	457	0.6034761592745781	0.00796317309141159	1.1049975752830505	0.01291634887456894
10	1	1	500	450	0.5977803841233253	0.008878573775291443	1.13853570073843	0.0776703879237175
10	1	1	500	484	0.6043183207511902	0.008873887360095978	1.2174401208758354	0.007997453212738037
10	1	1	500	451	0.3209134340286255	0.007794804871082306	1.1459459140896797	0.004216693341732025
10	1	1	500	428	0.5966976806521416	0.007336631417274475	1.1233830451965332	0.006349600851535797
10	1	1	500	470	0.5988395288586617	0.008560091257095337	1.349664956331253	0.12283039838075638
10	1	1	500	502	0.6101021766662598	0.008265882730484009	0.9094587340950966	0.003972232341766357
10	1	1	500	490	0.6080713272094727	0.008571378886699677	1.367340810596943	0.007929176092147827
10	1	1	500	480	0.5990033596754074	0.008338667452335358	1.4181254208087921	0.007525399327278137
10	1	1	500	469	0.5953930616378784	0.00780215859413147	1.5627110973000526	0.04443175345659256
10	1	1	500	490	0.6098121702671051	0.008933454751968384	1.2236772403120995	0.004151523113250732
10	1	1	500	499	0.6075759902596474	0.009497657418251038	1.250516265630722	0.007587164640426636
10	1	1	500	440	0.32014891505241394	0.008190423250198364	0.9530232101678848	0.004278838634490967
10	1	1	500	393	0.5972898006439209	0.007207505404949188	1.0709050819277763	0.007697150111198425
10	1	1	500	498	0.609438382089138	0.009024426341056824	1.1362557336688042	0.0037390291690826416
10	1	1	500	501	0.6227670237421989	0.008542701601982117	1.0396832153201103	0.0038642287254333496
10	1	1	500	502	0.6070772483944893	0.00951048731803894	1.0656091645359993	0.00588332861661911
10	1	1	500	501	0.6178951039910316	0.010205179452896118	1.0913906544446945	0.007747121155261993
10	1	1	500	504	0.5979649275541306	0.00992593914270401	1.216561198234558	0.008060343563556671
10	1	1	500	434	0.6113709807395935	0.00865703821182251	1.3643320724368095	0.007820390164852142
10	1	1	500	456	0.597262479364872	0.007892683148384094	1.2864229306578636	0.012636393308639526
10	1	1	500	493	0.5905749872326851	0.009103626012802124	1.048071451485157	0.007734283804893494
10	1	1	500	411	0.5960152670741081	0.007615827023983002	1.1061547249555588	0.007671371102333069
10	1	1	500	465	0.6107526645064354	0.008598163723945618	1.271432802081108	0.010062240064144135
10	1	1	500	504	0.621232196688652	0.008950166404247284	1.2993295788764954	0.009563237428665161
10	1	1	500	486	0.5992368161678314	0.008898705244064331	1.1717530936002731	0.00786694884300232
10	1	1	500	482	0.6025233492255211	0.009804487228393555	1.0201319009065628	0.003785468637943268
10	1	1	500	484	0.6000376641750336	0.008145026862621307	0.9833400100469589	0.00794149935245514
10	1	1	500	492	0.6131871193647385	0.009092867374420166	1.1993925124406815	0.008293040096759796
10	1	1	500	500	0.6290516033768654	0.008281610906124115	1.2801205962896347	0.00558491051197052
10	1	1	500	488	0.6001391410827637	0.00957297533750534	1.099856197834015	0.08434183895587921
10	1	1	500	482	0.5954769253730774	0.009564869105815887	0.9669812545180321	0.007565900683403015
10	1	1	500	501	0.6169002130627632	0.008312277495861053	1.1626435965299606	0.007942922413349152
10	1	1	500	465	0.5927539616823196	0.008116461336612701	1.659675419330597	0.029494643211364746
10	1	1	500	479	0.6034216061234474	0.009669281542301178	1.212320052087307	0.006333082914352417
10	1	1	500	465	0.6152274087071419	0.008282847702503204	1.480217657983303	0.06506198644638062
10	1	1	500	378	0.6007957458496094	0.007018417119979858	1.1021293476223946	0.0076382458209991455
10	1	1	500	462	0.5940751656889915	0.00864303857088089	1.0830784142017365	0.008377738296985626
10	1	1	500	500	0.6261533945798874	0.008427269756793976	1.3842385560274124	0.008621089160442352
10	1	1	500	453	0.32073384523391724	0.008531667292118073	1.0288868248462677	0.0035969242453575134
10	1	1	500	485	0.6172501444816589	0.008317649364471436	1.345661722123623	0.004009328782558441
10	1	1	500	497	0.6015916168689728	0.008899755775928497	0.8707461804151535	0.007576785981655121
10	1	1	500	346	0.3256552591919899	0.006772182881832123	0.832284189760685	0.10835819691419601
10	1	1	500	501	0.6107296347618103	0.009765632450580597	1.5137165635824203	0.00758516788482666
10	1	1	500	452	0.6110328659415245	0.008772142231464386	1.0558361932635307	0.0077963173389434814
10	1	1	500	492	0.6038248836994171	0.008528448641300201	1.2351369932293892	0.008002325892448425
10	1	1	500	506	0.8716327324509621	0.009830042719841003	0.9351644814014435	0.00747719407081604
10	1	1	500	451	0.3294426128268242	0.009574323892593384	0.918365553021431	0.003849819302558899
10	1	1	500	497	0.6116402372717857	0.008628465235233307	1.2993567883968353	0.007576383650302887
10	1	1	500	445	0.3189428076148033	0.007630378007888794	0.8786112666130066	0.004401549696922302
10	1	1	500	487	0.6081675440073013	0.009646475315093994	0.9428396970033646	0.0077081099152565
10	1	1	500	501	0.6095230579376221	0.008729711174964905	0.9748419970273972	0.007654912769794464
10	1	1	500	495	0.5937010496854782	0.009262509644031525	1.11796036362648	0.007584862411022186
10	1	1	500	430	0.6096935272216797	0.007400967180728912	1.2036062479019165	0.0037970691919326782
10	1	1	500	499	0.5992565974593163	0.00937933474779129	1.2283956333994865	0.006554633378982544
10	1	1	500	448	0.32242168486118317	0.008241251111030579	1.102385088801384	0.004256546497344971
10	1	1	500	458	2.7986998483538628	0.009933531284332275	1.1308368295431137	0.003821723163127899
10	1	1	500	469	0.598202720284462	0.007686063647270203	1.2235428169369698	0.008623071014881134
10	1	1	500	498	0.5970535352826118	0.008921101689338684	1.1806686744093895	0.007939182221889496
10	1	1	500	490	0.6063433364033699	0.00994514673948288	1.1007441356778145	0.007790103554725647
10	1	1	500	412	0.5802577659487724	0.007711879909038544	1.1690513789653778	0.11671014875173569
10	1	1	500	466	0.594260536134243	0.008478604257106781	1.477465771138668	0.04719921946525574
10	1	1	500	501	0.6213840320706367	0.008893579244613647	1.1993956565856934	0.008037932217121124
10	1	1	500	504	0.6163279190659523	0.009919442236423492	1.5404976308345795	0.00766194611787796
10	1	1	500	449	0.31541217118501663	0.008323080837726593	1.2362861037254333	0.004463702440261841
10	1	1	500	485	0.6236071810126305	0.00813855230808258	1.706041343510151	0.08567243069410324
10	1	1	500	484	0.600634977221489	0.009061470627784729	1.1889291182160378	0.00782448798418045
10	1	1	500	506	0.5357317477464676	0.009351842105388641	0.9927436709403992	0.003909051418304443
10	1	1	500	488	0.6057130619883537	0.008814089000225067	1.1018304377794266	0.009460873901844025
10	1	1	500	498	0.623001329600811	0.010478250682353973	1.2758773267269135	0.009061530232429504
10	1	1	500	426	0.6331285014748573	0.00747748464345932	1.0062000453472137	0.015509463846683502
10	1	1	500	488	0.601594865322113	0.010652348399162292	1.0458624809980392	0.006657853722572327
10	1	1	500	369	0.5910092368721962	0.008524127304553986	1.0868085771799088	0.12145280838012695
10	1	1	500	496	0.6142980679869652	0.009573951363563538	1.4726935848593712	0.08944979310035706
10	1	1	500	445	0.3228314518928528	0.007635340094566345	1.1594185456633568	0.0045159682631492615
10	1	1	500	496	0.6081267595291138	0.009844392538070679	0.9478510171175003	0.008047856390476227
10	1	1	500	449	0.3222263976931572	0.009414546191692352	0.9851970076560974	0.0037226229906082153
10	1	1	500	484	0.6026410385966301	0.008483633399009705	1.2610542327165604	0.007922962307929993
10	1	1	500	455	0.31619682163000107	0.0075917914509773254	0.9252086207270622	0.0044635385274887085
10	1	1	500	480	0.6061005890369415	0.008931942284107208	1.4356763064861298	0.07048693299293518
10	1	1	500	488	0.6038145422935486	0.009355179965496063	1.123254418373108	0.003672093152999878
10	1	1	500	449	0.6333993822336197	0.00940725952386856	1.3406963050365448	0.007905930280685425
10	1	1	500	500	0.6109870001673698	0.009310245513916016	1.2485506534576416	0.0037983953952789307
10	1	1	500	488	0.6066964641213417	0.01001785695552826	1.2020943462848663	0.004125684499740601
10	1	1	500	499	0.5950357168912888	0.008966252207756042	1.103519007563591	0.007990516722202301
10	1	1	500	479	0.6240645945072174	0.010737381875514984	1.1909360513091087	0.010873176157474518
10	1	1	500	467	0.6002425327897072	0.008334942162036896	1.1054122373461723	0.005323730409145355
10	1	1	500	364	0.5889799147844315	0.006957493722438812	1.1721010208129883	0.31881003081798553
10	1	1	500	465	0.5757701992988586	0.008407488465309143	1.2116835415363312	0.10082301497459412
10	1	1	500	472	0.5990947708487511	0.007742151618003845	1.226823478937149	0.07649268209934235
10	1	1	500	501	0.6056725904345512	0.01008964329957962	1.2654871493577957	0.007982611656188965
10	1	1	500	381	0.5917771235108376	0.007724978029727936	0.928631454706192	0.007479406893253326
10	1	1	500	449	0.3193514496088028	0.00742986798286438	1.0683502331376076	0.004029534757137299
10	1	1	500	454	0.6140199229121208	0.00886739045381546	1.4417356103658676	0.33853552490472794
10	1	1	500	494	0.6267467364668846	0.014993585646152496	1.2663172632455826	0.007695086300373077
10	1	1	500	435	0.6069962903857231	0.010273545980453491	1.2118600904941559	0.007783427834510803
10	1	1	500	493	0.6072666868567467	0.010890208184719086	1.178959310054779	0.007839493453502655
10	1	1	500	489	0.6106894686818123	0.011123262345790863	1.0673299357295036	0.003917686641216278
10	1	1	500	386	0.5906979143619537	0.007061339914798737	1.0395548939704895	0.007632128894329071
10	1	1	500	504	0.614347368478775	0.011324949562549591	1.544842429459095	0.007689274847507477
10	1	1	500	478	0.6044447794556618	0.009506672620773315	1.2562337666749954	0.00796014815568924
10	1	1	500	400	0.590999461710453	0.0070304349064826965	1.079485960304737	0.007934272289276123
10	1	1	500	378	0.31390561163425446	0.0072901248931884766	1.2358470484614372	0.09173591434955597
10	1	1	500	502	0.6092836856842041	0.009911559522151947	1.1792344078421593	0.007797375321388245
10	1	1	500	451	0.6071800738573074	0.007539033889770508	1.038178913295269	0.007900252938270569
10	1	1	500	507	0.6113931462168694	0.009968221187591553	1.2272560149431229	0.007840625941753387
10	1	1	500	453	2.7737290263175964	0.009893417358398438	0.8927757069468498	0.003802470862865448
10	1	1	500	469	0.5879071801900864	0.007604047656059265	1.2469344958662987	0.010606750845909119
10	1	1	500	482	0.5861648544669151	0.008877940475940704	1.550804927945137	0.10643595457077026
10	1	1	500	462	0.5941875725984573	0.008416630327701569	1.178797908127308	0.008072391152381897
10	1	1	500	494	0.6047458797693253	0.008626699447631836	1.1432297974824905	0.007952339947223663
10	1	1	500	461	0.6022554785013199	0.009352877736091614	1.2987156510353088	0.007658660411834717
10	1	1	500	496	0.6104512885212898	0.008555695414543152	1.1672313436865807	0.007754974067211151
10	1	1	500	511	0.5316314101219177	0.008379042148590088	1.0165709033608437	0.010402388870716095
10	1	1	500	454	0.320237398147583	0.008097752928733826	1.2151652127504349	0.010422848165035248
10	1	1	500	452	0.31901726871728897	0.007551699876785278	1.2585312724113464	0.0043471455574035645
10	1	1	500	507	0.609077014029026	0.010071277618408203	1.2679776325821877	0.0042856186628341675
10	1	1	500	380	0.6036276519298553	0.006936118006706238	1.0289078056812286	0.005989685654640198
10	1	1	500	421	0.5956802889704704	0.009623728692531586	1.073424056172371	0.007480107247829437
10	1	1	500	468	0.6144074127078056	0.007750287652015686	1.0825283825397491	0.007651299238204956
10	1	1	500	491	0.6173709779977798	0.008616358041763306	1.1456877440214157	0.008066602051258087
10	1	1	500	446	0.3257088214159012	0.009191043674945831	1.0384792163968086	0.007944293320178986
10	1	1	500	464	0.599397175014019	0.007841542363166809	1.2998779639601707	0.0470321848988533
10	1	1	500	467	0.5848258286714554	0.009016774594783783	1.1906477361917496	0.01092483103275299
10	1	1	500	495	0.625509962439537	0.008421801030635834	1.3512908965349197	0.007730945944786072
10	1	1	500	449	0.32444292306900024	0.009016886353492737	1.1365408301353455	0.004392795264720917
10	1	1	500	407	0.5921052023768425	0.0071244388818740845	1.399376317858696	0.007745720446109772
10	1	1	500	393	0.5943085625767708	0.007170736789703369	1.0193044915795326	0.007477559149265289
10	1	1	500	492	0.6068403348326683	0.009019285440444946	1.3629732206463814	0.007560238242149353
10	1	1	500	452	0.32609938830137253	0.007743403315544128	1.4143280237913132	0.003912970423698425
10	1	1	500	507	0.6033460944890976	0.009446963667869568	1.3295787274837494	0.010119102895259857
10	1	1	500	458	0.31237346678972244	0.009481266140937805	1.1133957356214523	0.03879062831401825
10	1	1	500	505	0.6140596643090248	0.008663035929203033	1.1565719470381737	0.003945238888263702
10	1	1	500	481	0.590141661465168	0.008914858102798462	1.357888750731945	0.0075701698660850525
10	1	1	500	446	0.31973137706518173	0.007468231022357941	1.1881544664502144	0.004184946417808533
10	1	1	500	498	0.6108847483992577	0.008473798632621765	1.1628230959177017	0.007646679878234863
10	1	1	500	495	0.6251712664961815	0.009649917483329773	1.3984232917428017	0.08052927255630493
10	1	1	500	442	0.3187642991542816	0.008310794830322266	1.237372599542141	0.0019017010927200317
10	1	1	500	491	0.6035726815462112	0.00868561863899231	1.123219408094883	0.00799967348575592
10	1	1	500	492	0.6236717849969864	0.00849873572587967	1.1871919482946396	0.007752895355224609
10	1	1	500	463	0.5209156274795532	0.0069158002734184265	1.004619188606739	0.007746092975139618
10	1	1	500	385	0.5845157876610756	0.007390819489955902	0.9374479204416275	0.0035312697291374207
10	1	1	500	501	0.6121426895260811	0.008456647396087646	0.8959720805287361	0.00781422108411789
10	1	1	500	502	0.6099838465452194	0.009125247597694397	1.1354371160268784	0.007451392710208893
10	1	1	500	450	0.32377123087644577	0.007493272423744202	0.9537171274423599	0.003768742084503174
10	1	1	500	460	0.5920300856232643	0.008014388382434845	1.3497887402772903	0.01994989812374115
10	1	1	500	394	0.5863716974854469	0.006929293274879456	1.005095660686493	0.007681332528591156
10	1	1	500	491	0.6041877269744873	0.009174928069114685	1.4219467863440514	0.0038202404975891113
10	1	1	500	492	0.6046518310904503	0.009112447500228882	1.4728364199399948	0.007716268301010132
10	1	1	500	481	0.5886174887418747	0.009178929030895233	1.0071906447410583	0.0076440125703811646
10	1	1	500	493	0.6194391325116158	0.00911906361579895	1.0561901777982712	0.004069492220878601
10	1	1	500	487	0.5987571179866791	0.008410058915615082	1.1712353602051735	0.007807642221450806
10	1	1	500	475	0.5925640389323235	0.008771471679210663	1.6915189027786255	0.08766026794910431
10	1	1	500	479	0.5982552468776703	0.008582502603530884	0.9149129316210747	0.007506087422370911
10	1	1	500	479	0.5613884329795837	0.008642613887786865	1.1077704206109047	0.007811285555362701
10	1	1	500	489	0.6085870712995529	0.008604496717453003	1.2070487886667252	0.005551569163799286
10	1	1	500	388	0.5912391617894173	0.0075125619769096375	1.1867614462971687	0.003597550094127655
10	1	1	500	490	0.5814686194062233	0.009157717227935791	1.0829503163695335	0.0038219913840293884
10	1	1	500	473	0.5921513885259628	0.008067786693572998	1.5531109273433685	0.08112038671970367
10	1	1	500	505	0.6043659746646881	0.009323209524154663	1.1493179127573967	0.007739715278148651
10	1	1	500	444	0.31780219078063965	0.007265761494636536	0.9600875377655029	0.0038501620292663574
10	1	1	500	500	0.6029042080044746	0.009295739233493805	1.2178791984915733	0.007450386881828308
10	1	1	500	496	0.6037572845816612	0.008629932999610901	1.1177080571651459	0.007818326354026794
10	1	1	500	355	0.5710362270474434	0.007305890321731567	1.1374395787715912	0.1794559434056282
10	1	1	500	417	0.5714598000049591	0.007087178528308868	0.9043132588267326	0.0075632259249687195
10	1	1	500	473	0.5882633924484253	0.008660733699798584	1.3626278415322304	0.055103227496147156
10	1	1	500	394	0.5932843163609505	0.007712528109550476	0.962169848382473	0.0036478638648986816
10	1	1	500	483	0.5979807525873184	0.008337728679180145	1.1704801246523857	0.007958129048347473
10	1	1	500	488	0.5881730318069458	0.00866430252790451	1.1919673383235931	0.007374756038188934
10	1	1	500	473	0.5816694870591164	0.008969463407993317	1.4037927463650703	0.1018153578042984
10	1	1	500	473	0.5885301977396011	0.00832684338092804	1.3491239920258522	0.06818154454231262
10	1	1	500	462	0.6008280739188194	0.008180715143680573	1.2614315003156662	0.024029597640037537
10	1	1	500	497	0.6021026521921158	0.00955750048160553	1.09691521525383	0.010018475353717804
10	1	1	500	460	0.31256819516420364	0.008002668619155884	1.1131343394517899	0.014948002994060516
10	1	1	500	391	0.5854291394352913	0.007131367921829224	1.3997256830334663	0.03761111944913864
10	1	1	500	444	0.5843191295862198	0.008410222828388214	1.1322987005114555	0.013354532420635223
10	1	1	500	509	0.6095657274127007	0.009832382202148438	1.1146115362644196	0.08856204897165298
10	1	1	500	449	0.3188750073313713	0.007989741861820221	1.097121238708496	0.005450747907161713
10	1	1	500	447	0.3224364370107651	0.00731281191110611	0.9646375998854637	0.004286348819732666
10	1	1	500	459	0.5948533415794373	0.008459515869617462	1.1093157976865768	0.07297192513942719
10	1	1	500	498	0.6046028286218643	0.008565165102481842	1.265046812593937	0.007773362100124359
10	1	1	500	493	0.607858769595623	0.00921040028333664	1.1947340294718742	0.007805235683917999
10	1	1	500	471	0.6024961024522781	0.009077802300453186	1.4101146534085274	0.057620368897914886
10	1	1	500	460	0.5947168096899986	0.008924178779125214	1.2445005550980568	0.05096917599439621
10	1	1	500	491	0.6147745251655579	0.0095406174659729	1.0574519485235214	0.0077572837471961975
10	1	1	500	474	0.6027994900941849	0.00922161340713501	1.7350275218486786	0.9825547412037849
10	1	1	500	452	0.31150056421756744	0.0072241052985191345	1.155215561389923	0.018858440220355988
10	1	1	500	460	0.5964838415384293	0.0075570642948150635	1.0428439155220985	0.003886394202709198
10	1	1	500	484	0.6010833606123924	0.00976783037185669	1.067078858613968	0.007573433220386505
10	1	1	500	454	0.5962891802191734	0.008380576968193054	1.2262024357914925	0.04292318969964981
10	1	1	500	499	0.59991604834795	0.009604327380657196	1.172169417142868	0.00772479921579361
10	1	1	500	500	0.6011352986097336	0.008707605302333832	1.4947019591927528	0.01406531035900116
10	1	1	500	498	0.6049040630459785	0.00833846628665924	1.2031629979610443	0.007858015596866608
10	1	1	500	460	0.5947494357824326	0.009775161743164062	1.2245242074131966	0.12031669914722443
10	1	1	500	470	0.5938741788268089	0.008082859218120575	1.3936216682195663	0.16167635470628738
10	1	1	500	506	0.6156093701720238	0.008722908794879913	1.378230333328247	0.007802523672580719
10	1	1	500	478	0.5967008769512177	0.008883550763130188	1.3739377483725548	0.25303349643945694
10	1	1	500	483	0.59730564057827	0.009215950965881348	1.2833610475063324	0.0078070759773254395
10	1	1	500	499	0.6169958636164665	0.00863761454820633	1.2297249734401703	0.007603563368320465
10	1	1	500	484	0.594704233109951	0.009121403098106384	1.5752848833799362	0.08446076512336731
10	1	1	500	465	0.5954562276601791	0.008766613900661469	1.248043343424797	0.07097474485635757
10	1	1	500	488	0.616505429148674	0.008262023329734802	0.9683199301362038	0.008519694209098816
10	1	1	500	461	0.593144379556179	0.008163191378116608	1.2302885204553604	0.007533147931098938
10	1	1	500	460	0.5962734296917915	0.008534088730812073	1.12224580347538	0.0036278367042541504
10	1	1	500	412	0.5923034995794296	0.00834810733795166	1.1198901981115341	0.007690541446208954
10	1	1	500	440	0.31587960571050644	0.0075203850865364075	1.0605037733912468	0.004117980599403381
10	1	1	500	508	0.6069424748420715	0.01009630411863327	1.184870406985283	0.007693380117416382
10	1	1	500	500	0.5986062809824944	0.009297430515289307	1.554435357451439	0.007636673748493195
10	1	1	500	418	0.5807458162307739	0.008584387600421906	1.241912141442299	0.04746658354997635
10	1	1	500	454	0.31595052778720856	0.008508794009685516	1.0523857548832893	0.006156399846076965
10	1	1	500	491	0.596665158867836	0.008490368723869324	1.3085825070738792	0.0038842782378196716
10	1	1	500	445	0.31820758432149887	0.008215688169002533	0.9481743946671486	0.0037259310483932495
10	1	1	500	464	0.5865721106529236	0.008198164403438568	1.5913335531949997	0.04958947002887726
10	1	1	500	481	0.5840761736035347	0.009340688586235046	1.366554006934166	0.00738583505153656
10	1	1	500	461	0.5897825583815575	0.007677637040615082	1.4291770607233047	0.1520981267094612
10	1	1	500	498	0.5980244651436806	0.00960966944694519	1.1499538645148277	0.008501887321472168
10	1	1	500	502	0.6105163991451263	0.00922444462776184	1.3603351414203644	0.006014689803123474
10	1	1	500	456	2.756285175681114	0.008304506540298462	1.08615443110466	0.0036911815404891968
10	1	1	500	491	0.6089351326227188	0.009536080062389374	1.5099154338240623	0.003680884838104248
10	1	1	500	487	0.585016630589962	0.008881911635398865	1.3108717799186707	0.010018430650234222
10	1	1	500	494	0.6049026027321815	0.009435892105102539	1.0848777741193771	0.008007347583770752
10	1	1	500	475	0.5828998386859894	0.00820072740316391	0.9525112062692642	0.010136395692825317
10	1	1	500	495	0.6044928729534149	0.008671835064888	1.7042840048670769	0.030195094645023346
10	1	1	500	443	0.5932403653860092	0.008352570235729218	0.9429851174354553	0.007525548338890076
10	1	1	500	496	0.6034946665167809	0.008818574249744415	1.2653228715062141	0.08777090162038803
10	1	1	500	468	0.5970267280936241	0.00872638076543808	1.6307628601789474	0.06602074205875397
10	1	1	500	497	0.5970001965761185	0.010214462876319885	1.3355380818247795	0.0040137916803359985
10	1	1	500	476	0.5959359630942345	0.009460560977458954	1.4890230298042297	0.09633921831846237
10	1	1	500	471	0.5836702734231949	0.008148632943630219	1.2158592566847801	0.06452595442533493
10	1	1	500	463	0.6011926978826523	0.008932746946811676	1.4522883892059326	0.007983937859535217
10	1	1	500	496	0.610082246363163	0.008490294218063354	1.467098444700241	0.053224511444568634
10	1	1	500	387	0.5904625952243805	0.008084416389465332	1.0257454365491867	0.0013961344957351685
10	1	1	500	494	0.6072028502821922	0.009975366294384003	1.1880492269992828	0.0037018954753875732
10	1	1	500	423	0.586773157119751	0.007712259888648987	1.3393568471074104	0.048209525644779205
10	1	1	500	414	0.5850903540849686	0.007519379258155823	1.1765171587467194	0.004645682871341705
10	1	1	500	495	0.612140566110611	0.009082093834877014	1.0699152797460556	0.0038997605443000793
10	1	1	500	461	0.5321366935968399	0.007454715669155121	1.1323022320866585	0.008556023240089417
10	1	1	500	492	0.535334937274456	0.008151635527610779	1.1580349281430244	0.007439598441123962
10	1	1	500	466	0.6038114055991173	0.009320899844169617	0.8864898756146431	0.007826365530490875
10	1	1	500	453	0.5842108801007271	0.008224546909332275	1.2028830721974373	0.2220708131790161
10	1	1	500	499	0.6078726798295975	0.012197166681289673	1.1306301057338715	0.007934711873531342
10	1	1	500	497	0.6054909750819206	0.009738512337207794	1.2223992422223091	0.007927127182483673
10	1	1	500	481	0.6198554709553719	0.010248467326164246	1.2771278470754623	0.007690325379371643
10	1	1	500	461	0.32143518328666687	0.008832134306430817	0.9171901866793633	0.0037450268864631653
10	1	1	500	490	0.5966445058584213	0.009767629206180573	1.4108421206474304	0.028537265956401825
10	1	1	500	468	0.596405878663063	0.008933261036872864	1.0435517057776451	0.00559292733669281
10	1	1	500	475	0.6136614009737968	0.008357763290405273	1.2400414198637009	0.09940101951360703
10	1	1	500	488	0.5943162590265274	0.00953788310289383	1.0582966059446335	0.013445459306240082
10	1	1	500	501	0.6251728162169456	0.008461058139801025	1.0895069316029549	0.008277244865894318
10	1	1	500	484	0.5986643061041832	0.008578792214393616	1.2292632833123207	0.007852241396903992
10	1	1	500	471	0.5982008799910545	0.008143171668052673	1.2750517800450325	0.041401706635951996
10	1	1	500	486	0.5960204675793648	0.0099276602268219	1.2301515564322472	0.007671654224395752
10	1	1	500	461	0.5983434319496155	0.008003778755664825	1.0492811873555183	0.027794018387794495
10	1	1	500	481	0.5906084403395653	0.008605316281318665	0.9704251065850258	0.10401847958564758
10	1	1	500	384	0.590091846883297	0.007126480340957642	1.2718642577528954	0.13940360397100449
10	1	1	500	489	0.6025185361504555	0.009188078343868256	1.0582738667726517	0.007821276783943176
10	1	1	500	447	0.32051773369312286	0.00851014256477356	1.1198831126093864	0.00612446665763855
10	1	1	500	442	0.6134372279047966	0.007701762020587921	1.11612930893898	0.007130391895771027
10	1	1	500	465	0.5931326299905777	0.008182115852832794	1.1907253712415695	0.018255844712257385
10	1	1	500	490	0.5902183502912521	0.009713709354400635	1.4664491936564445	0.007080309092998505
10	1	1	500	443	0.29707205295562744	0.00740361213684082	1.19118532538414	0.0037856698036193848
10	1	1	500	441	0.5990977734327316	0.007920384407043457	1.135389730334282	0.07479788362979889
10	1	1	500	497	0.607577882707119	0.010063186287879944	1.2801053524017334	0.007690951228141785
10	1	1	500	405	0.5926926583051682	0.008222967386245728	0.9853417202830315	0.0038183704018592834
10	1	1	500	482	0.6062238737940788	0.008600212633609772	1.2992239147424698	0.00562276691198349
10	1	1	500	453	0.3286825641989708	0.007950656116008759	1.2169398665428162	0.003699176013469696
10	1	1	500	497	0.6017512232065201	0.009973227977752686	1.3624451830983162	0.007468387484550476
10	1	1	500	493	0.6020687818527222	0.009004957973957062	1.3422156795859337	0.007612958550453186
10	1	1	500	441	0.320719949901104	0.008241027593612671	1.1489221453666687	0.0041550397872924805
10	1	1	500	476	0.5948253273963928	0.008455291390419006	1.035185195505619	0.01004721224308014
10	1	1	500	487	0.603976346552372	0.010143272578716278	1.367366023361683	0.08923248201608658
10	1	1	500	474	0.6009160354733467	0.009446859359741211	1.2619871497154236	0.0073657408356666565
10	1	1	500	456	0.5904007330536842	0.0075197890400886536	1.3163647577166557	0.05347193777561188
10	1	1	500	452	0.3188469186425209	0.007921092212200165	1.109427772462368	0.004294231534004211
10	1	1	500	344	0.3108976185321808	0.007784917950630188	0.6867402121424675	0.045995451509952545
10	1	1	500	462	0.5974976420402527	0.007965728640556335	0.9512229710817337	0.009454876184463501
10	1	1	500	487	0.6014858484268188	0.00886276364326477	1.1250752583146095	0.007568351924419403
10	1	1	500	343	0.5762447491288185	0.0064852312207221985	1.1711884662508965	0.5036497414112091
10	1	1	500	449	0.6017142683267593	0.008734986186027527	1.0712004080414772	0.013617508113384247
10	1	1	500	487	2.67423252761364	0.01045362651348114	1.0682458356022835	0.0036610811948776245
10	1	1	500	487	0.5858182162046432	0.009603351354598999	1.1826726868748665	0.0077223703265190125
10	1	1	500	475	0.5968790128827095	0.010031327605247498	0.9912173748016357	0.009865015745162964
10	1	1	500	466	0.606398917734623	0.008607983589172363	1.3900944739580154	0.04925704747438431
10	1	1	500	495	0.6047681644558907	0.009106263518333435	1.4241386950016022	0.007856860756874084
10	1	1	500	476	0.5932610109448433	0.00940483808517456	1.0793624073266983	0.007575884461402893
10	1	1	500	466	0.5966876819729805	0.007801160216331482	1.2404956966638565	0.007734909653663635
10	1	1	500	489	0.5918566361069679	0.010078273713588715	1.2651168778538704	0.07088150084018707
10	1	1	500	471	0.6141153424978256	0.008401945233345032	1.3604016453027725	0.23333093523979187
10	1	1	500	454	0.5801919773221016	0.008635908365249634	1.2031304463744164	0.003766663372516632
10	1	1	500	402	0.6001357585191727	0.008395321667194366	1.082231730222702	0.006606206297874451
10	1	1	500	460	0.5828581303358078	0.009014293551445007	1.416479967534542	0.15125133097171783
10	1	1	500	448	0.3296004831790924	0.007884740829467773	1.17093276232481	0.003768831491470337
10	1	1	500	507	0.6140498369932175	0.00976523756980896	1.0431655570864677	0.007778957486152649
10	1	1	500	492	0.5987864211201668	0.00818721204996109	1.3502122536301613	0.007640615105628967
10	1	1	500	432	0.5949166491627693	0.008686311542987823	1.0160179883241653	0.013793058693408966
10	1	1	500	489	0.6057595908641815	0.010033294558525085	0.9855112507939339	0.00769747793674469
10	1	1	500	490	0.6058265790343285	0.008764266967773438	1.2158940359950066	0.004748478531837463
10	1	1	500	465	0.5987651348114014	0.009312190115451813	1.3349776044487953	0.06253605335950851
10	1	1	500	481	0.5938558727502823	0.00839618593454361	1.127655029296875	0.010438308119773865
10	1	1	500	479	0.5938885062932968	0.008600063621997833	1.1459050327539444	0.010707847774028778
10	1	1	500	458	0.3183697760105133	0.007617242634296417	1.3377725407481194	0.008952714502811432
10	1	1	500	396	0.5968917906284332	0.007898673415184021	0.8723898679018021	0.007577121257781982
10	1	1	500	437	0.5878331959247589	0.008105650544166565	0.9951603934168816	0.00768328458070755
10	1	1	500	411	0.5931781157851219	0.008574917912483215	0.9890067875385284	0.008074767887592316
10	1	1	500	513	0.6082080975174904	0.009772740304470062	1.1658449620008469	0.00825614482164383
10	1	1	500	474	0.5963883921504021	0.007912367582321167	1.4621268957853317	0.13688109070062637
10	1	1	500	489	0.5979417413473129	0.00984664261341095	1.1420264020562172	0.00525500625371933
10	1	1	500	455	0.5198239013552666	0.007270261645317078	1.0662769004702568	0.03575003892183304
10	1	1	500	489	0.6034721285104752	0.009835414588451385	1.5301761627197266	0.05355825275182724
10	1	1	500	461	0.5921275317668915	0.009398780763149261	1.0322963669896126	0.007614888250827789
10	1	1	500	486	0.5906322821974754	0.010205864906311035	1.3822808265686035	0.04076489806175232
10	1	1	500	469	0.6169652715325356	0.009012982249259949	0.9091031774878502	0.007745176553726196
10	1	1	500	466	0.6018840447068214	0.008077800273895264	1.2546063140034676	0.2822354733943939
10	1	1	500	456	0.5898240730166435	0.009703032672405243	1.0465211048722267	0.003772340714931488
10	1	1	500	463	0.5999896079301834	0.009302645921707153	0.9768954515457153	0.0037505999207496643
10	1	1	500	504	0.6037311032414436	0.008723489940166473	1.2827080488204956	0.013985298573970795
10	1	1	500	470	0.5828807204961777	0.009508922696113586	1.2213127166032791	0.08202197402715683
10	1	1	500	450	2.780627280473709	0.011016219854354858	1.2813507094979286	0.006920546293258667
10	1	1	500	385	0.5316230580210686	0.006327711045742035	0.9690542966127396	0.007795028388500214
10	1	1	500	493	0.5974480286240578	0.010039158165454865	1.194951869547367	0.007758684456348419
10	1	1	500	495	0.6086569130420685	0.009592406451702118	1.0639010593295097	0.0076836273074150085
10	1	1	500	436	0.6006998494267464	0.009151257574558258	0.9944318383932114	0.0075969398021698
10	1	1	500	469	0.5937457010149956	0.008749529719352722	1.109523393213749	0.007624909281730652
10	1	1	500	491	0.6190851256251335	0.008583568036556244	0.9731418415904045	0.009120918810367584
10	1	1	500	490	0.6073085814714432	0.00967177003622055	1.0798755884170532	0.011380553245544434
10	1	1	500	456	0.5843867883086205	0.007978305220603943	1.1990616843104362	0.09122920781373978
10	1	1	500	496	0.603206992149353	0.010401949286460876	1.0718794986605644	0.0036051571369171143
10	1	1	500	492	0.5990191325545311	0.008625157177448273	1.2793471738696098	0.0766100063920021
10	1	1	500	461	0.5904027819633484	0.009097285568714142	1.5966257080435753	0.03053794801235199
10	1	1	500	482	0.596136637032032	0.00901622325181961	0.9282516166567802	0.0075655654072761536
10	1	1	500	493	0.6177913919091225	0.008137263357639313	1.4920739233493805	0.09258703142404556
10	1	1	500	498	0.5992974117398262	0.010099291801452637	1.1106815785169601	0.007704377174377441
10	1	1	500	506	0.6314519420266151	0.014817088842391968	1.642385058104992	0.007856778800487518
10	1	1	500	458	0.5933906808495522	0.009351938962936401	1.2467494308948517	0.06732232123613358
10	1	1	500	454	0.31660234183073044	0.00782795250415802	1.1544330939650536	0.0038214772939682007
10	1	1	500	479	0.5872190743684769	0.009646967053413391	1.322694070637226	0.007868245244026184
10	1	1	500	497	0.608179971575737	0.009195834398269653	1.2811506390571594	0.07348692417144775
10	1	1	500	490	0.5894713848829269	0.009691447019577026	1.1171470806002617	0.010030791163444519
10	1	1	500	454	0.5995734184980392	0.007692329585552216	1.175584889948368	0.010084807872772217
10	1	1	500	485	0.6172299906611443	0.008443653583526611	1.163061946630478	0.0036756545305252075
10	1	1	500	501	0.6001648008823395	0.010219894349575043	1.1375379860401154	0.007675983011722565
10	1	1	500	452	0.6145273447036743	0.009478464722633362	1.378661185503006	0.047877177596092224
10	1	1	500	453	0.31869712471961975	0.007653973996639252	1.1107688695192337	0.008118629455566406
10	1	1	500	366	0.3069387152791023	0.0077930837869644165	0.8945224359631538	0.0036288276314735413
10	1	1	500	442	0.5853290036320686	0.009637363255023956	1.3297266215085983	0.004094034433364868
10	1	1	500	475	0.6035140380263329	0.008784361183643341	1.1822407767176628	0.006331406533718109
10	1	1	500	397	0.5951577797532082	0.00820925086736679	1.0072223171591759	0.005256690084934235
10	1	1	500	456	0.6074562147259712	0.008924618363380432	1.1208964809775352	0.007908470928668976
10	1	1	500	452	0.3193342238664627	0.007955968379974365	1.1278013363480568	0.0036753639578819275
10	1	1	500	501	0.8759767413139343	0.009806960821151733	1.4678734838962555	0.03444458544254303
10	1	1	500	460	2.6412148252129555	0.00995885580778122	1.0264488980174065	0.003681086003780365
10	1	1	500	442	0.5799059718847275	0.007646471261978149	0.9373299777507782	0.0076866671442985535
10	1	1	500	500	0.6129182577133179	0.008743859827518463	1.5061547979712486	0.010188043117523193
10	1	1	500	462	0.5821872726082802	0.008792459964752197	1.1370290368795395	0.04596077650785446
10	1	1	500	491	0.5929423719644547	0.008735030889511108	1.1464441046118736	0.004878804087638855
10	1	1	500	500	0.6094921007752419	0.00963631272315979	1.4631464332342148	0.00849761813879013
10	1	1	500	495	0.6035026088356972	0.010232239961624146	1.362942785024643	0.007682077586650848
10	1	1	500	346	0.5240288376808167	0.007049590349197388	0.9897680208086967	0.5316561087965965
10	1	1	500	477	0.59795131534338	0.009080968797206879	1.5157806426286697	0.05267897993326187
10	1	1	500	384	0.3067115917801857	0.007737100124359131	1.1338210627436638	0.005416736006736755
10	1	1	500	489	0.6032658219337463	0.01002252846956253	1.1798754334449768	0.0075748637318611145
10	1	1	500	487	0.6066416501998901	0.009565584361553192	1.0175349861383438	0.01366589218378067
10	1	1	500	483	0.5976578593254089	0.010044470429420471	1.2537302523851395	0.003802552819252014
10	1	1	500	482	0.6007015854120255	0.008665859699249268	1.1846905499696732	0.01014392077922821
10	1	1	500	462	0.5341828092932701	0.007565610110759735	0.9389723017811775	0.003670237958431244
10	1	1	500	507	0.6047111228108406	0.009133286774158478	1.3013389706611633	0.0038967058062553406
10	1	1	500	491	0.6075909361243248	0.01006799191236496	1.6180668771266937	0.08708629757165909
10	1	1	500	463	0.5763163864612579	0.009448111057281494	1.1790086776018143	0.006172023713588715
10	1	1	500	449	0.31950733065605164	0.008103296160697937	1.0506891161203384	0.004152730107307434
10	1	1	500	454	0.3181079179048538	0.009177014231681824	1.2495172098279	0.00820256769657135
10	1	1	500	448	0.3184319883584976	0.007931835949420929	1.215964488685131	0.0036169439554214478
10	1	1	500	384	0.5882612094283104	0.008464440703392029	1.4538214728236198	0.06939707696437836
10	1	1	500	496	0.6012164726853371	0.008862406015396118	1.1279755160212517	0.007852807641029358
10	1	1	500	456	0.5901284292340279	0.008199207484722137	0.896662138402462	0.003855086863040924
10	1	1	500	457	0.5950239524245262	0.00870831310749054	1.3514538407325745	0.008104875683784485
10	1	1	500	472	0.5879578217864037	0.009381286799907684	1.0359997898340225	0.0038229376077651978
10	1	1	500	405	0.5944007188081741	0.007593296468257904	1.1794277653098106	0.007659643888473511
10	1	1	500	509	0.607888713479042	0.010152444243431091	1.1671311631798744	0.0037614181637763977
10	1	1	500	474	0.603039026260376	0.009707048535346985	1.068498894572258	0.007172353565692902
10	1	1	500	433	0.600067749619484	0.009052596986293793	1.2572061866521835	0.009870819747447968
10	1	1	500	504	0.6046290695667267	0.009952075779438019	1.2665514647960663	0.007806546986103058
10	1	1	500	441	0.3250805363059044	0.007954336702823639	1.1439635381102562	0.0037922561168670654
10	1	1	500	495	0.6135192587971687	0.00983690470457077	1.4037276953458786	0.007474422454833984
10	1	1	500	492	0.6002903580665588	0.009346313774585724	1.1613992527127266	0.0074934810400009155
10	1	1	500	444	0.3182310536503792	0.007436081767082214	0.9811649993062019	0.004227682948112488
10	1	1	500	488	0.5958124995231628	0.010311782360076904	1.0670204162597656	0.007809102535247803
10	1	1	500	488	0.6012920960783958	0.008545935153961182	1.576635703444481	0.010158054530620575
10	1	1	500	503	0.5970436185598373	0.010845370590686798	0.9662889987230301	0.003918640315532684
10	1	1	500	457	0.5840432420372963	0.008680708706378937	0.9662799760699272	0.005553551018238068
10	1	1	500	444	0.5915929973125458	0.007969148457050323	1.1968648433685303	0.007538504898548126
10	1	1	500	459	0.5955313220620155	0.009323224425315857	1.0134138613939285	0.0037805959582328796
10	1	1	500	465	0.590462327003479	0.008525416254997253	1.117533139884472	0.007583454251289368
10	1	1	500	477	0.5956880897283554	0.00853758305311203	1.1073028221726418	0.005567677319049835
10	1	1	500	481	0.5943953320384026	0.009890317916870117	1.6171028390526772	0.0641675516963005
10	1	1	500	505	0.6012288480997086	0.00948486477136612	1.1679069325327873	0.0075210705399513245
10	1	1	500	491	0.6120530143380165	0.01078195869922638	1.1685668304562569	0.007815934717655182
10	1	1	500	493	0.5883864387869835	0.010139860212802887	1.1325129717588425	0.003840930759906769
10	1	1	500	476	0.5952491164207458	0.008282773196697235	1.2760639563202858	0.010175153613090515
10	1	1	500	496	0.6010793000459671	0.009617529809474945	1.1166931092739105	0.007699057459831238
10	1	1	500	502	0.6129653379321098	0.010342508554458618	1.0691721960902214	0.004787921905517578
10	1	1	500	409	0.5935722962021828	0.008092351257801056	1.274519145488739	0.03886137902736664
10	1	1	500	493	0.6111480444669724	0.008938625454902649	1.123016007244587	0.007783174514770508
10	1	1	500	405	0.5956429541110992	0.008232049643993378	1.187793307006359	0.007885128259658813
10	1	1	500	455	0.3273472860455513	0.008100785315036774	1.1133378148078918	0.004025310277938843
10	1	1	500	489	0.5951745212078094	0.008338749408721924	1.4842718094587326	0.010813452303409576
10	1	1	500	494	0.6579907983541489	0.009660392999649048	1.1093441620469093	0.0058313459157943726
10	1	1	500	478	0.5993437394499779	0.009557992219924927	1.3112758621573448	0.09381788969039917
10	1	1	500	488	0.5956053957343102	0.009195640683174133	1.205259382724762	0.007670961320400238
10	1	1	500	439	0.32413192093372345	0.00751592218875885	0.9879263564944267	0.0020816102623939514
10	1	1	500	463	0.5918585881590843	0.009234897792339325	1.2574256286025047	0.1093926802277565
10	1	1	500	397	0.5899215415120125	0.007312938570976257	1.1227813959121704	0.008283942937850952
10	1	1	500	448	0.32092925906181335	0.009340845048427582	1.0467029958963394	0.0037716180086135864
10	1	1	500	478	0.5821608155965805	0.009901583194732666	1.1408299803733826	0.007870979607105255
10	1	1	500	453	0.5956338420510292	0.009500101208686829	1.0753914788365364	0.013533920049667358
10	1	1	500	425	0.5917511805891991	0.0073546841740608215	0.9798869416117668	0.009870991110801697
10	1	1	500	496	2.7191222459077835	0.009378768503665924	1.1384419053792953	0.007645733654499054
10	1	1	500	453	0.31858212500810623	0.008232258260250092	0.9799095019698143	0.0038676559925079346
10	1	1	500	448	0.3175716996192932	0.007949203252792358	1.1359810754656792	0.004066675901412964
10	1	1	500	481	0.6013759225606918	0.009913712739944458	1.2888311296701431	0.010334573686122894
10	1	1	500	506	0.6060050502419472	0.010241672396659851	1.213715948164463	0.007560215890407562
10	1	1	500	510	0.6067186892032623	0.009016633033752441	1.4748114198446274	0.007766604423522949
10	1	1	500	495	0.6167324706912041	0.010047368705272675	1.1731509193778038	0.007736541330814362
10	1	1	500	506	0.6308277696371078	0.010146066546440125	1.1192514523863792	0.003859087824821472
10	1	1	500	418	0.5953563898801804	0.007694751024246216	1.1006775349378586	0.009883180260658264
10	1	1	500	411	0.5843200534582138	0.0075515881180763245	1.3077438697218895	0.08404260873794556
10	1	1	500	435	0.6012771278619766	0.00905928760766983	1.0435083657503128	0.010638125240802765
10	1	1	500	421	0.5995021834969521	0.0075721293687820435	0.9986892715096474	0.007381446659564972
10	1	1	500	500	0.6049048528075218	0.008535228669643402	0.9910990968346596	0.003831826150417328
10	1	1	500	503	0.8788262233138084	0.010484777390956879	1.2192298546433449	0.007744640111923218
10	1	1	500	451	0.33271676301956177	0.009402379393577576	0.9696258679032326	0.003791213035583496
10	1	1	500	490	0.6055214256048203	0.010356366634368896	0.9905086681246758	0.007615663111209869
10	1	1	500	496	0.6023449748754501	0.008492141962051392	1.3768710792064667	0.007827550172805786
10	1	1	500	441	0.5810508653521538	0.007733628153800964	1.130734696984291	0.06379454582929611
10	1	1	500	433	0.5996508672833443	0.00909271091222763	1.1168005391955376	0.007540754973888397
10	1	1	500	497	0.5977912619709969	0.008623257279396057	1.4044512957334518	0.007648631930351257
10	1	1	500	486	0.6039766743779182	0.009137891232967377	1.647341936826706	0.044129908084869385
10	1	1	500	468	0.5904542505741119	0.009689904749393463	1.1339682787656784	0.008350551128387451
10	1	1	500	458	0.5940349027514458	0.00924210250377655	1.0497744902968407	0.04842999577522278
10	1	1	500	505	0.6042542159557343	0.013629138469696045	1.205459214746952	0.0038860663771629333
10	1	1	500	467	0.593259871006012	0.008587844669818878	1.364203318953514	0.06671174615621567
10	1	1	500	494	0.5985552296042442	0.008560717105865479	1.077680490911007	0.003823108971118927
10	1	1	500	499	0.6252594217658043	0.009052932262420654	1.3549183160066605	0.007898516952991486
10	1	1	500	482	0.596746414899826	0.010076463222503662	1.1097696796059608	0.007905922830104828
10	1	1	500	481	0.6016027480363846	0.00945698469877243	1.3485540598630905	0.09672101587057114
