10	5	1	500	685	0.8997297435998917	0.011883676052093506	1.7067670077085495	0.014033704996109009
10	5	1	500	562	0.611931324005127	0.010507151484489441	1.022625982761383	0.009871751070022583
10	5	1	500	526	0.6009342670440674	0.009763672947883606	1.2655183225870132	0.1058257669210434
10	5	1	500	566	2.7871439531445503	0.011177383363246918	1.7835632786154747	0.39833373576402664
10	5	1	500	679	2.562180981040001	0.012263178825378418	1.574321374297142	0.029388941824436188
10	5	1	500	482	2.548878662288189	0.009960509836673737	1.9413104429841042	2.0921837091445923
10	5	1	500	629	0.6233900338411331	0.01047932356595993	1.2142674624919891	0.021511860191822052
10	5	1	500	456	0.31203269213438034	0.007805973291397095	1.2227812930941582	0.008057400584220886
10	5	1	500	569	0.6036785393953323	0.01155899465084076	2.0099688917398453	0.11712060123682022
10	5	1	500	572	2.7209599763154984	0.009341046214103699	1.6939376518130302	0.1376141607761383
10	5	1	500	617	2.434751495718956	0.010484926402568817	2.393522225320339	0.0379352942109108
10	5	1	500	614	0.89317886531353	0.010607168078422546	1.3789479359984398	0.009933196008205414
10	5	1	500	645	2.669410914182663	0.0103660449385643	2.027474120259285	0.015051715075969696
10	5	1	500	630	0.6289569810032845	0.010819725692272186	2.0417906641960144	0.02135540544986725
10	5	1	500	618	0.8987761586904526	0.011247515678405762	2.071912243962288	0.011292651295661926
10	5	1	500	453	2.696433372795582	0.008407197892665863	2.2897193133831024	16.275740765035152
10	5	1	500	455	2.6974360942840576	0.008455701172351837	0.9829292073845863	0.005568087100982666
10	5	1	500	705	2.7856187373399734	0.011828511953353882	2.215957500040531	0.009993374347686768
10	5	1	500	680	2.7729540020227432	0.011237546801567078	1.4974751025438309	0.010097742080688477
10	5	1	500	604	0.6020452678203583	0.01087161898612976	1.4905452728271484	0.11979980021715164
10	5	1	500	594	2.718501091003418	0.011080302298069	2.309490017592907	0.8059219121932983
10	5	1	500	691	1.156455010175705	0.011708654463291168	1.5915203467011452	0.012606650590896606
10	5	1	500	502	0.5946898609399796	0.0086350217461586	1.1277957782149315	0.09213420748710632
10	5	1	500	477	0.5856369510293007	0.008794881403446198	1.3659371063113213	0.12486328929662704
10	5	1	500	516	0.5991318002343178	0.010526321828365326	1.862100176513195	4.794638134539127
10	5	1	500	568	0.8800667971372604	0.010688960552215576	2.269043743610382	2.1774874329566956
10	5	1	500	678	1.438332475721836	0.012119337916374207	1.6457932144403458	0.014968998730182648
10	5	1	500	630	0.8000393509864807	0.010716833174228668	2.384011946618557	0.5770890116691589
10	5	1	500	473	0.5859796404838562	0.00818634033203125	0.9358330518007278	0.005452841520309448
10	5	1	500	603	0.6298862099647522	0.009637407958507538	1.2476815730333328	0.010008879005908966
10	5	1	500	478	0.6151224672794342	0.00813671201467514	1.2992357537150383	0.020668625831604004
10	5	1	500	585	0.5881685391068459	0.010310888290405273	1.2271843403577805	0.012536436319351196
10	5	1	500	658	0.8960475474596024	0.011282257735729218	2.235869847238064	0.019694514572620392
10	5	1	500	522	0.8661360368132591	0.009219244122505188	1.1873597726225853	0.01836688071489334
10	5	1	500	655	0.817383162677288	0.009723864495754242	1.7467236667871475	0.009983524680137634
10	5	1	500	666	2.437011606991291	0.010334476828575134	1.6253957375884056	0.5860709995031357
10	5	1	500	498	0.5922947824001312	0.008818663656711578	1.315950334072113	0.012183740735054016
10	5	1	500	494	0.5932899117469788	0.009846925735473633	1.3304453343153	0.11974866688251495
10	5	1	500	634	2.747431233525276	0.00990486890077591	1.0098571553826332	0.010841906070709229
10	5	1	500	676	0.6279071420431137	0.011664696037769318	1.5223200097680092	0.00876203179359436
10	5	1	500	624	1.422076627612114	0.010922439396381378	1.253428190946579	0.019733943045139313
10	5	1	500	568	0.6046150773763657	0.00948360562324524	0.9878753945231438	0.011142291128635406
10	5	1	500	449	0.31453099846839905	0.008053295314311981	1.1313332915306091	0.0033942386507987976
10	5	1	500	413	0.5970915779471397	0.0079168900847435	1.6927079111337662	1.257655806839466
10	5	1	500	456	2.6956041753292084	0.008593723177909851	1.2277126461267471	0.011103510856628418
10	5	1	500	627	0.8917942717671394	0.01036856323480606	1.602072797715664	0.015122227370738983
10	5	1	500	618	2.767719179391861	0.011302843689918518	1.5330740883946419	0.013968825340270996
10	5	1	500	467	0.5677322894334793	0.009005248546600342	1.1090037897229195	0.004361189901828766
10	5	1	500	582	0.8814973458647728	0.010933667421340942	2.1193473041057587	0.008552014827728271
10	5	1	500	685	2.779165953397751	0.010641120374202728	1.770134650170803	0.014229193329811096
10	5	1	500	504	0.5871323347091675	0.010886631906032562	1.1544597670435905	0.048692308366298676
10	5	1	500	684	0.9019003510475159	0.011844754219055176	1.4217062518000603	0.022257000207901
10	5	1	500	667	2.7862328439950943	0.011649355292320251	1.3675884753465652	0.01520790159702301
10	5	1	500	539	0.6056443005800247	0.009217411279678345	1.0054810419678688	0.003723256289958954
10	5	1	500	585	0.8647260963916779	0.010674677789211273	1.5242112278938293	0.08424420654773712
10	5	1	500	693	2.703471228480339	0.011732831597328186	1.479019284248352	0.015217691659927368
10	5	1	500	573	0.6123471111059189	0.010761648416519165	1.0446610152721405	0.009179644286632538
10	5	1	500	608	0.6171625182032585	0.010345645248889923	1.532945156097412	0.02133490890264511
10	5	1	500	564	0.5325947180390358	0.009209401905536652	2.1044386327266693	0.027960076928138733
10	5	1	500	623	0.6210030913352966	0.010684765875339508	1.1821554899215698	0.010264955461025238
10	5	1	500	579	0.8654984459280968	0.012268610298633575	2.816071353852749	9.269402019679546
10	5	1	500	462	0.572830356657505	0.007832422852516174	1.1602342799305916	0.0051738545298576355
10	5	1	500	690	0.923230953514576	0.010820820927619934	1.687954492866993	0.014637231826782227
10	5	1	500	516	2.7402832210063934	0.01082146167755127	1.523183174431324	0.014864996075630188
10	5	1	500	610	0.8876851126551628	0.010208480060100555	1.9657973498106003	0.08840685337781906
10	5	1	500	609	0.6188063994050026	0.010895617306232452	1.0739692002534866	0.0077455416321754456
10	5	1	500	605	0.889014795422554	0.011378943920135498	2.446020819246769	0.9526602104306221
10	5	1	500	669	0.8971817716956139	0.011956222355365753	1.3994864523410797	0.013106584548950195
10	5	1	500	531	0.8729465082287788	0.011933907866477966	1.7879372388124466	1.7156482636928558
10	5	1	500	699	0.870316669344902	0.011450685560703278	1.4074723348021507	0.0065513551235198975
10	5	1	500	674	2.618737153708935	0.010396331548690796	1.0284608900547028	0.009906373918056488
10	5	1	500	451	0.314593143761158	0.007753141224384308	0.9893727004528046	0.005630508065223694
10	5	1	500	585	0.6191251128911972	0.009212091565132141	1.1376401707530022	0.00991862267255783
10	5	1	500	493	0.5895741954445839	0.010389909148216248	1.0796983614563942	0.048796720802783966
10	5	1	500	679	0.626834936439991	0.010993875563144684	1.7822051420807838	0.010163955390453339
10	5	1	500	610	0.8768481463193893	0.010693058371543884	1.2069156691432	0.19353890419006348
10	5	1	500	691	2.6612646877765656	0.011379420757293701	1.3651181533932686	0.005245037376880646
10	5	1	500	700	0.6227143779397011	0.011109523475170135	1.0788746699690819	0.021379590034484863
10	5	1	500	653	0.5592834576964378	0.009485222399234772	0.9868420287966728	0.009305112063884735
10	5	1	500	606	0.8766813650727272	0.010640852153301239	2.2167890816926956	0.11874695867300034
10	5	1	500	488	0.5971467569470406	0.008737035095691681	1.1087836623191833	0.025805078446865082
10	5	1	500	659	0.6109704300761223	0.010726362466812134	1.0527599155902863	0.006431058049201965
10	5	1	500	588	0.6140199527144432	0.009883947670459747	1.1345477476716042	0.007957525551319122
10	5	1	500	579	0.6062640100717545	0.009786628186702728	1.1638211235404015	0.09869527816772461
10	5	1	500	453	0.308194100856781	0.008361883461475372	1.1793550178408623	0.004579097032546997
10	5	1	500	568	0.602671317756176	0.009986139833927155	2.214414119720459	0.5579083263874054
10	5	1	500	686	2.686863139271736	0.010219365358352661	2.0117580518126488	0.009838856756687164
10	5	1	500	680	2.7154701352119446	0.012219719588756561	1.9223010316491127	0.01515718549489975
10	5	1	500	688	0.8949586898088455	0.011409446597099304	1.6381950825452805	0.009127900004386902
10	5	1	500	586	0.8863583281636238	0.010564930737018585	1.2805837094783783	0.013093188405036926
10	5	1	500	609	0.5498621016740799	0.009113140404224396	1.4132266268134117	0.013558924198150635
10	5	1	500	452	0.5599396675825119	0.007864788174629211	1.2208492830395699	0.004720434546470642
10	5	1	500	602	2.6498926281929016	0.009799450635910034	1.180943913757801	0.011975303292274475
10	5	1	500	591	0.6063119098544121	0.009846732020378113	1.7711336985230446	0.09534653276205063
10	5	1	500	667	0.607423946261406	0.010651826858520508	1.1466302946209908	0.011694006621837616
10	5	1	500	607	0.886275053024292	0.010317876935005188	1.1399142295122147	0.023329176008701324
10	5	1	500	678	0.8793713003396988	0.009851813316345215	1.5236321836709976	0.015053004026412964
10	5	1	500	448	0.31926197558641434	0.0078449547290802	0.9830211326479912	0.0018778294324874878
10	5	1	500	646	0.6213820204138756	0.01081470400094986	1.5965288802981377	0.1101863756775856
10	5	1	500	527	0.5606948360800743	0.0095401331782341	2.188303843140602	0.3442906364798546
10	5	1	500	693	0.8867999911308289	0.009885475039482117	1.3673011660575867	0.012947387993335724
10	5	1	500	451	0.5824829190969467	0.00790540874004364	1.0355502218008041	0.00762389600276947
10	5	1	500	587	0.6063229888677597	0.009448394179344177	1.144322618842125	0.007923468947410583
10	5	1	500	520	0.581756480038166	0.010729275643825531	1.5042694583535194	0.09821949154138565
10	5	1	500	654	0.8947286605834961	0.01156594604253769	1.6243676468729973	0.012728236615657806
10	5	1	500	576	0.8558824136853218	0.01007407158613205	2.4871373251080513	0.015172421932220459
10	5	1	500	489	0.587766170501709	0.008936993777751923	1.4969470798969269	0.3148862421512604
10	5	1	500	508	0.5825107842683792	0.010205142199993134	1.7712193205952644	0.15886541455984116
10	5	1	500	427	0.5179886966943741	0.00789254903793335	2.011137306690216	4.956832930445671
10	5	1	500	674	1.3794835656881332	0.01001814752817154	1.249615415930748	0.2532041668891907
10	5	1	500	514	0.8485690131783485	0.009501032531261444	2.1310697346925735	1.458475150167942
10	5	1	500	650	2.752994902431965	0.011339396238327026	2.6105877682566643	0.013879828155040741
10	5	1	500	642	2.6881333217024803	0.010853111743927002	2.2758043706417084	0.02010612189769745
10	5	1	500	703	2.6705290898680687	0.010315768420696259	1.1098832041025162	0.01656714826822281
10	5	1	500	717	2.771311968564987	0.013178043067455292	0.9516639038920403	0.005700446665287018
10	5	1	500	607	0.6104362979531288	0.009789936244487762	1.222805492579937	0.015079058706760406
10	5	1	500	653	0.6200812682509422	0.01109534502029419	1.4434248581528664	0.009204424917697906
10	5	1	500	696	0.6301086843013763	0.012099087238311768	1.185640923678875	0.012607194483280182
10	5	1	500	510	0.5977665930986404	0.008848018944263458	1.7223355621099472	0.2358429729938507
10	5	1	500	600	0.6220433712005615	0.010717697441577911	1.5213248953223228	0.01498527079820633
10	5	1	500	503	0.5904105305671692	0.008815720677375793	1.3606824651360512	0.02024179697036743
10	5	1	500	671	0.8923130482435226	0.010793469846248627	1.7324950322508812	0.009843364357948303
10	5	1	500	525	0.5385209694504738	0.008467979729175568	1.142500214278698	0.02966407686471939
10	5	1	500	643	0.6163551658391953	0.010751090943813324	1.6430573761463165	0.009275414049625397
10	5	1	500	707	2.610226087272167	0.010345317423343658	1.0554531812667847	0.009976893663406372
10	5	1	500	557	2.4930786192417145	0.010145418345928192	1.8518705368041992	0.3721735402941704
10	5	1	500	643	0.6147450804710388	0.010568104684352875	1.4031238034367561	0.08002647012472153
10	5	1	500	652	0.6206697076559067	0.010959573090076447	1.9052701517939568	0.13902588933706284
10	5	1	500	696	0.6273636817932129	0.011030085384845734	1.3443826138973236	0.012900091707706451
10	5	1	500	645	2.736225500702858	0.01143067330121994	1.5474615320563316	0.16713684797286987
10	5	1	500	507	0.5828544646501541	0.008951947093009949	0.9828861206769943	0.006184965372085571
10	5	1	500	593	0.6127708256244659	0.01051284372806549	1.3607719987630844	0.10014157742261887
10	5	1	500	504	0.59243343770504	0.011734150350093842	1.2079415321350098	0.06749541312456131
10	5	1	500	596	0.8809613361954689	0.010394230484962463	1.8700362890958786	0.01490173488855362
10	5	1	500	563	0.6025549247860909	0.01021622121334076	1.2389888316392899	0.006209760904312134
10	5	1	500	447	0.31638792902231216	0.008165135979652405	1.043640024960041	0.003675304353237152
10	5	1	500	555	0.6142703518271446	0.009320251643657684	1.6930456534028053	0.27621202170848846
10	5	1	500	571	0.579111821949482	0.009464636445045471	1.4470379203557968	0.009983047842979431
10	5	1	500	569	0.5913193449378014	0.010362818837165833	1.2586199417710304	0.09081438183784485
10	5	1	500	678	0.8964153602719307	0.011424951255321503	1.1994197517633438	0.01720675826072693
10	5	1	500	649	0.6095529645681381	0.011080563068389893	2.150540314614773	0.012443676590919495
10	5	1	500	688	0.6130746603012085	0.011217013001441956	1.3668298497796059	0.019984684884548187
10	5	1	500	545	0.59344432502985	0.008983150124549866	0.9880160540342331	0.010158225893974304
10	5	1	500	668	0.8913689851760864	0.011241011321544647	1.47821843624115	0.014895610511302948
10	5	1	500	475	0.5827212184667587	0.009335361421108246	0.883240133523941	0.0496302992105484
10	5	1	500	562	0.6114701926708221	0.008971326053142548	1.0747816637158394	0.0038210973143577576
10	5	1	500	565	0.6027280986309052	0.010550394654273987	1.379989080131054	0.012250252068042755
10	5	1	500	566	2.696850173175335	0.011789649724960327	2.46340823918581	13.408053666353226
10	5	1	500	502	2.58561684936285	0.009045824408531189	1.1842663511633873	0.10661338269710541
10	5	1	500	648	2.693138338625431	0.009732097387313843	0.8965525776147842	0.011496834456920624
10	5	1	500	642	2.739733748137951	0.011141285300254822	1.1450355648994446	0.010108955204486847
10	5	1	500	701	2.4862738475203514	0.0104207843542099	2.0207229033112526	0.013136133551597595
10	5	1	500	449	0.31253597885370255	0.00768212229013443	1.02589400857687	0.004237838089466095
10	5	1	500	508	0.5932554751634598	0.009160511195659637	1.2738994136452675	0.06730621308088303
10	5	1	500	583	0.8833471536636353	0.009937897324562073	1.3741928488016129	0.11682945489883423
10	5	1	500	546	0.7671375125646591	0.008501552045345306	1.1111937686800957	0.017526499927043915
10	5	1	500	597	0.5452652275562286	0.009344689548015594	1.526681788265705	0.013842388987541199
10	5	1	500	365	0.5720871984958649	0.007765196263790131	1.0079546198248863	0.048390038311481476
10	5	1	500	450	0.3099578395485878	0.008480973541736603	1.302260771393776	0.003680981695652008
10	5	1	500	662	0.6230491399765015	0.010564051568508148	1.4121948406100273	0.09791464358568192
10	5	1	500	626	0.868615172803402	0.011643394827842712	1.1246922090649605	0.024039767682552338
10	5	1	500	443	0.5977977439761162	0.009076312184333801	1.7325654551386833	0.7168446853756905
10	5	1	500	463	0.5915684849023819	0.009548716247081757	1.3538180142641068	0.23269951343536377
10	5	1	500	693	0.6181864887475967	0.011098921298980713	1.0933122858405113	0.010089069604873657
10	5	1	500	629	2.75650292634964	0.010371893644332886	1.8222290351986885	0.014058001339435577
10	5	1	500	521	0.5963743105530739	0.01127217710018158	1.6315926536917686	1.2225213423371315
10	5	1	500	618	0.8375780284404755	0.01130829006433487	2.780352957546711	4.448759198188782
10	5	1	500	405	0.5877197235822678	0.00774306058883667	1.4312131106853485	0.11723773926496506
10	5	1	500	679	1.4008670300245285	0.012539930641651154	1.584806628525257	0.010172903537750244
10	5	1	500	570	2.725760668516159	0.010030783712863922	1.0479139909148216	0.013057537376880646
10	5	1	500	584	0.6115701273083687	0.0108102485537529	1.5182663798332214	0.01902773231267929
10	5	1	500	683	0.8354220390319824	0.011386461555957794	1.4970205426216125	0.014771640300750732
10	5	1	500	692	2.774593636393547	0.012583084404468536	1.521077312529087	0.01666400581598282
10	5	1	500	679	1.1591869965195656	0.01186109334230423	2.383988358080387	0.014087066054344177
10	5	1	500	506	0.5336436331272125	0.008429795503616333	1.753507986664772	0.15196401625871658
10	5	1	500	637	0.6085110977292061	0.01028142124414444	1.7949574813246727	0.010121867060661316
10	5	1	500	514	0.5913675799965858	0.010031744837760925	1.5352793782949448	1.9147216007113457
10	5	1	500	678	0.6275751441717148	0.011665388941764832	1.5169664546847343	0.01527184247970581
10	5	1	500	520	0.5846143513917923	0.00918509066104889	1.2576501443982124	0.0037142038345336914
10	5	1	500	630	0.6218657121062279	0.010967731475830078	1.0279873311519623	0.009940281510353088
10	5	1	500	689	1.4220557510852814	0.011172063648700714	1.690319947898388	0.015091732144355774
10	5	1	500	706	0.8976314440369606	0.012072242796421051	1.5071822702884674	0.005646951496601105
10	5	1	500	456	0.31995581835508347	0.007774829864501953	1.370045818388462	0.0650617778301239
10	5	1	500	616	0.8899602741003036	0.011606641113758087	1.868833489716053	0.01805848628282547
10	5	1	500	486	0.5250103324651718	0.00756247341632843	1.0405480042099953	0.0077457427978515625
10	5	1	500	651	0.6100969985127449	0.010798610746860504	1.019501306116581	0.015323653817176819
10	5	1	500	531	0.537366010248661	0.008753716945648193	1.4860480353236198	0.0062091052532196045
10	5	1	500	475	0.584819957613945	0.009929560124874115	2.153425119817257	11.797977074980736
10	5	1	500	461	0.5726928487420082	0.007917314767837524	1.2792174890637398	0.04914482682943344
10	5	1	500	510	0.5976204797625542	0.009675897657871246	1.6460546627640724	1.2937197089195251
10	5	1	500	681	0.8438527584075928	0.011480718851089478	1.1010185480117798	0.012683570384979248
10	5	1	500	600	0.5984219312667847	0.010334223508834839	1.5335329920053482	0.017367951571941376
10	5	1	500	514	0.6000071614980698	0.01116943359375	1.9543062821030617	1.5439757853746414
10	5	1	500	692	0.8952206373214722	0.011733658611774445	2.147398330271244	0.010251924395561218
10	5	1	500	590	0.621290773153305	0.010512463748455048	1.1648624539375305	0.009804852306842804
10	5	1	500	630	0.8716714531183243	0.011104390025138855	2.1807504817843437	0.21493837982416153
10	5	1	500	504	0.8696398213505745	0.009760737419128418	1.5614710003137589	0.20393390208482742
10	5	1	500	603	2.745514392852783	0.011412106454372406	1.7076805606484413	0.01410161703824997
10	5	1	500	580	0.6141443699598312	0.009835600852966309	1.2127718031406403	0.006419822573661804
10	5	1	500	716	0.8758072480559349	0.010669976472854614	1.0370754078030586	0.0091758593916893
10	5	1	500	678	0.6133638843894005	0.011747345328330994	1.4991459846496582	0.01396467536687851
10	5	1	500	611	0.8719470128417015	0.011226028203964233	1.9955435991287231	0.14961978793144226
10	5	1	500	532	0.5745260193943977	0.010417096316814423	1.8746606037020683	0.14406677335500717
10	5	1	500	473	0.5817356631159782	0.008135072886943817	1.2436631619930267	0.0491955429315567
10	5	1	500	686	2.756181925535202	0.010695673525333405	1.0185152813792229	0.01697559654712677
10	5	1	500	556	2.5335533022880554	0.010208964347839355	2.0843750536441803	1.219195157289505
10	5	1	500	460	0.5827788710594177	0.008631385862827301	1.1698231920599937	0.09781130403280258
10	5	1	500	626	2.711051158607006	0.010142527520656586	1.9903731942176819	0.012180060148239136
10	5	1	500	482	0.5876918137073517	0.010617375373840332	1.5884151607751846	0.11728404462337494
10	5	1	500	684	2.751607298851013	0.012656040489673615	1.5962094888091087	0.016600310802459717
10	5	1	500	502	0.573817141354084	0.009121231734752655	1.047427549958229	0.00745777040719986
10	5	1	500	539	0.6095374599099159	0.009706452488899231	1.3308324813842773	0.048792533576488495
10	5	1	500	446	0.31504036486148834	0.008207328617572784	1.0598357617855072	0.008153729140758514
10	5	1	500	485	0.6005045101046562	0.008643947541713715	1.1909152269363403	0.00830727070569992
10	5	1	500	631	2.7341629415750504	0.011307798326015472	1.688288040459156	0.008634470403194427
10	5	1	500	532	0.6070224270224571	0.010038122534751892	1.8613034412264824	0.47512172162532806
10	5	1	500	464	0.5212560668587685	0.0072154998779296875	1.2893706634640694	0.11841695010662079
10	5	1	500	513	0.5848719328641891	0.009430594742298126	1.7943471819162369	0.744133785367012
10	5	1	500	597	0.5935950055718422	0.010126352310180664	1.6665672287344933	0.013725288212299347
10	5	1	500	570	0.6083381623029709	0.012066669762134552	1.0880499184131622	0.007633857429027557
10	5	1	500	450	0.3123799189925194	0.007820740342140198	1.0483707711100578	0.003667481243610382
10	5	1	500	575	2.7134706676006317	0.011920221149921417	2.686164379119873	10.204175144433975
10	5	1	500	681	2.5662636160850525	0.010112583637237549	1.7458038479089737	0.01431342214345932
10	5	1	500	635	0.612930990755558	0.011025168001651764	1.1301670148968697	0.012321695685386658
10	5	1	500	567	0.6135046035051346	0.009960487484931946	0.9360994026064873	0.0075447335839271545
10	5	1	500	521	0.5995828360319138	0.010956689715385437	2.005426473915577	7.2025745287537575
10	5	1	500	676	0.8983426466584206	0.010976046323776245	1.0920487120747566	0.012501396238803864
10	5	1	500	670	0.8013443276286125	0.009806022047996521	1.6227032393217087	0.015234269201755524
10	5	1	500	575	2.4841914251446724	0.01138375699520111	2.467846632003784	1.9043671563267708
10	5	1	500	614	2.7272488847374916	0.01039072871208191	1.7740442529320717	0.020111680030822754
10	5	1	500	592	0.8711017593741417	0.010505348443984985	2.3420184031128883	0.6206908673048019
10	5	1	500	573	0.6005274131894112	0.009999759495258331	2.3273163959383965	0.014853306114673615
10	5	1	500	511	0.5899535045027733	0.00990922749042511	1.5935256779193878	0.009990721940994263
10	5	1	500	575	0.5453429892659187	0.00954323261976242	1.3626149594783783	0.01130659133195877
10	5	1	500	687	2.748599126935005	0.012212343513965607	2.1241431832313538	0.013025373220443726
10	5	1	500	685	2.7749797105789185	0.01268148422241211	1.6674283295869827	0.005513042211532593
10	5	1	500	694	0.900137148797512	0.011595465242862701	2.066642165184021	0.012949995696544647
10	5	1	500	661	0.6234371736645699	0.010967321693897247	1.2881740033626556	0.020983710885047913
10	5	1	500	614	0.6083351150155067	0.010269194841384888	1.1081059947609901	0.02520512044429779
10	5	1	500	563	0.620007261633873	0.010652095079421997	1.3038108572363853	0.012342065572738647
10	5	1	500	693	0.8968590199947357	0.012203961610794067	1.5589299649000168	0.015060871839523315
10	5	1	500	601	0.8650222718715668	0.010625220835208893	1.3186151161789894	0.30073733627796173
10	5	1	500	549	0.8763894662261009	0.01071561872959137	2.1803102865815163	1.222000166773796
10	5	1	500	679	2.7776976376771927	0.012665919959545135	1.3010317459702492	0.02255241572856903
10	5	1	500	497	0.5871621370315552	0.009948432445526123	1.6369078680872917	0.7288726195693016
10	5	1	500	662	0.8827324584126472	0.011125966906547546	2.197644218802452	0.015104234218597412
10	5	1	500	552	0.6029713302850723	0.010292932391166687	2.665501169860363	2.0477466881275177
10	5	1	500	699	2.7599677965044975	0.012158654630184174	1.252156175673008	0.021716080605983734
10	5	1	500	708	0.6329334899783134	0.011527188122272491	0.9216468632221222	0.021766282618045807
10	5	1	500	636	2.6630192399024963	0.010519661009311676	1.8261666968464851	0.01392202079296112
10	5	1	500	548	0.5287108942866325	0.010040946304798126	1.7798562422394753	0.48295851051807404
10	5	1	500	573	0.6214166283607483	0.010523445904254913	1.4340961426496506	0.1756392866373062
10	5	1	500	671	2.686590187251568	0.011073149740695953	1.545507974922657	0.013057224452495575
10	5	1	500	664	2.7706157341599464	0.012243598699569702	2.093633957207203	0.08895516395568848
10	5	1	500	673	0.8951638042926788	0.01144447922706604	1.6234349235892296	0.016349419951438904
10	5	1	500	655	0.5593525916337967	0.00972025841474533	1.1075591370463371	0.015131942927837372
10	5	1	500	668	0.6258954927325249	0.011313863098621368	1.854392021894455	0.017616912722587585
10	5	1	500	504	0.5332319736480713	0.00928477942943573	1.5911591053009033	1.08892223238945
10	5	1	500	637	2.7923753038048744	0.011779740452766418	1.875465840101242	0.20074761658906937
10	5	1	500	534	0.6019390374422073	0.01097773015499115	2.30578750371933	8.781266041100025
10	5	1	500	687	0.8972668424248695	0.011516042053699493	1.7091531231999397	0.019153498113155365
10	5	1	500	694	0.8920240551233292	0.011717170476913452	1.6835869699716568	0.020467080175876617
10	5	1	500	672	2.4881333708763123	0.01118738204240799	1.41157728433609	0.014124654233455658
10	5	1	500	529	2.5326831117272377	0.010907523334026337	1.5173207819461823	0.192437544465065
10	5	1	500	644	0.6240607351064682	0.011194765567779541	1.5159574523568153	0.011228464543819427
10	5	1	500	571	2.4739531949162483	0.010324366390705109	2.556992433965206	12.122284181416035
10	5	1	500	662	0.895097441971302	0.011129625141620636	1.4617810770869255	0.11368811875581741
10	5	1	500	622	0.8877961561083794	0.011219963431358337	2.0431458801031113	0.19481313228607178
10	5	1	500	622	0.6044249534606934	0.010582312941551208	1.114829607307911	0.007863186299800873
10	5	1	500	448	0.3117077201604843	0.007834605872631073	0.9015353545546532	0.0034549906849861145
10	5	1	500	502	0.5892335996031761	0.008519299328327179	1.4636466428637505	0.13214322179555893
10	5	1	500	707	2.7753149271011353	0.012816965579986572	1.5749668553471565	0.012987278401851654
10	5	1	500	569	0.89234808832407	0.010749906301498413	1.5210290104150772	0.012339845299720764
10	5	1	500	643	2.65694048255682	0.010776706039905548	1.433270201086998	0.11095458269119263
10	5	1	500	657	0.6153810024261475	0.012007318437099457	1.8848956897854805	0.014224626123905182
10	5	1	500	543	0.6004303693771362	0.01026567816734314	1.125986136496067	0.007710359990596771
10	5	1	500	630	0.8890650793910027	0.011926300823688507	1.1757232919335365	0.018246442079544067
10	5	1	500	658	0.8924281820654869	0.012299761176109314	1.6316936761140823	0.013160593807697296
10	5	1	500	651	2.710143968462944	0.012647278606891632	1.5035374611616135	0.011265181005001068
10	5	1	500	686	0.9081370085477829	0.012286059558391571	1.6687937155365944	0.01501009613275528
10	5	1	500	472	0.5834515243768692	0.008385330438613892	1.0571466162800789	0.00524689257144928
10	5	1	500	523	2.7536914497613907	0.01300666481256485	2.2381627559661865	0.4297033026814461
10	5	1	500	648	2.6922515481710434	0.010783761739730835	1.9551837295293808	0.014256641268730164
10	5	1	500	534	0.8494359999895096	0.00891893357038498	1.4013081043958664	0.013576202094554901
10	5	1	500	685	0.9022227004170418	0.011852927505970001	1.220067337155342	0.016306057572364807
10	5	1	500	516	0.6010337099432945	0.010744258761405945	1.9518516287207603	2.734062522649765
10	5	1	500	705	1.9401879608631134	0.011594973504543304	1.5392534732818604	0.016815513372421265
10	5	1	500	683	2.6710759848356247	0.0112876296043396	1.5225296467542648	0.02832449972629547
10	5	1	500	662	0.8773456513881683	0.011442847549915314	1.213776282966137	0.011434018611907959
10	5	1	500	569	0.609635666012764	0.010109908878803253	1.6915620937943459	0.009988129138946533
10	5	1	500	472	0.5830178111791611	0.008331865072250366	1.0208440199494362	0.009886220097541809
10	5	1	500	528	0.6100118905305862	0.010958738625049591	1.1314246132969856	0.010089956223964691
10	5	1	500	671	2.6928795352578163	0.011277198791503906	1.031196914613247	0.010033689439296722
10	5	1	500	663	0.6284779533743858	0.012064985930919647	0.9573079273104668	0.010105684399604797
10	5	1	500	527	0.5986049026250839	0.009801171720027924	1.6953381821513176	0.36646540462970734
10	5	1	500	598	2.675870902836323	0.01021556556224823	1.2865698263049126	0.01420070230960846
10	5	1	500	594	0.608989492058754	0.010289251804351807	1.492861047387123	0.008718222379684448
10	5	1	500	641	0.8494192361831665	0.011930100619792938	1.7540734857320786	0.022139079868793488
10	5	1	500	668	0.6167423725128174	0.0127764493227005	1.6259049400687218	0.014317326247692108
10	5	1	500	559	0.5947911962866783	0.010020770132541656	2.0872244462370872	1.1087567657232285
10	5	1	500	684	0.8967242762446404	0.012908577919006348	2.2589252665638924	0.01420775055885315
10	5	1	500	560	0.8727521449327469	0.011257924139499664	2.080055832862854	4.025077410042286
10	5	1	500	627	0.6249282136559486	0.01079731434583664	1.213115006685257	0.09527108073234558
10	5	1	500	496	0.5644034072756767	0.009998604655265808	0.9928371086716652	0.00637875497341156
10	5	1	500	451	0.31646396964788437	0.007741756737232208	1.1046225428581238	0.008147016167640686
10	5	1	500	595	0.8913788050413132	0.010626904666423798	2.134904734790325	0.011594362556934357
10	5	1	500	562	2.7370856627821922	0.011360511183738708	2.4976109862327576	3.566539503633976
10	5	1	500	577	0.5982544794678688	0.010265864431858063	1.9712493196129799	0.15094152837991714
10	5	1	500	528	0.6000252142548561	0.009411916136741638	0.9062732607126236	0.007744677364826202
10	5	1	500	636	0.9006818011403084	0.012905232608318329	1.7624852359294891	0.012679509818553925
10	5	1	500	630	0.6076465025544167	0.011644385755062103	1.4952596575021744	0.011496737599372864
10	5	1	500	491	0.5932972207665443	0.009554803371429443	1.527200073003769	0.5222417786717415
10	5	1	500	631	0.5488874688744545	0.009567216038703918	1.0897172763943672	0.010069362819194794
10	5	1	500	521	0.5967160537838936	0.011156558990478516	1.7625682428479195	4.818437747657299
10	5	1	500	635	0.6271707341074944	0.010630600154399872	1.2122918143868446	0.020783036947250366
10	5	1	500	582	0.6191885396838188	0.010257966816425323	1.098587915301323	0.007766388356685638
10	5	1	500	650	2.7664672136306763	0.013370081782341003	1.3877348005771637	0.0204164981842041
10	5	1	500	434	0.5703648701310158	0.007799588143825531	1.2225159406661987	0.13136032223701477
10	5	1	500	623	2.7722610980272293	0.012049883604049683	1.0590669065713882	0.007659584283828735
10	5	1	500	526	0.5894844383001328	0.009733960032463074	1.1618441119790077	0.006264351308345795
10	5	1	500	696	0.6265712380409241	0.013103552162647247	1.4577783048152924	0.005625620484352112
10	5	1	500	557	0.6066232323646545	0.011030420660972595	2.0257875993847847	1.1329444497823715
10	5	1	500	509	0.5861101597547531	0.008234553039073944	1.0980375185608864	0.00637584924697876
10	5	1	500	610	0.8715937361121178	0.012968704104423523	1.9055146500468254	0.016289785504341125
10	5	1	500	550	0.5955603271722794	0.010764218866825104	1.2669190466403961	0.12832872569561005
10	5	1	500	567	2.7043582275509834	0.009496375918388367	2.18996661901474	0.4039463698863983
10	5	1	500	478	0.5838929638266563	0.010691486299037933	1.251479133963585	0.0037565678358078003
10	5	1	500	590	0.611703172326088	0.010590270161628723	1.1180101409554482	0.004361264407634735
10	5	1	500	553	0.581685796380043	0.00965975970029831	1.2149104848504066	0.0038964971899986267
10	5	1	500	646	0.6295618563890457	0.011575505137443542	0.9139422327280045	0.01000279188156128
10	5	1	500	559	0.868434302508831	0.011706039309501648	2.2113951668143272	2.541957676410675
10	5	1	500	650	2.6610337048768997	0.010426029562950134	1.5415904074907303	0.008648626506328583
10	5	1	500	478	0.5697954893112183	0.00915709137916565	1.2925757840275764	0.04210566729307175
10	5	1	500	635	2.7758115082979202	0.01220829039812088	1.534523829817772	0.020368151366710663
10	5	1	500	669	0.5726934969425201	0.009619489312171936	1.6094182208180428	0.018391147255897522
10	5	1	500	598	0.8726530447602272	0.011718012392520905	2.554752215743065	0.6353356093168259
10	5	1	500	500	0.5302087441086769	0.007819704711437225	0.9982166066765785	0.006391279399394989
10	5	1	500	566	0.5918764770030975	0.010312475264072418	1.7265880405902863	0.01442795991897583
10	5	1	500	495	0.5911359712481499	0.008547969162464142	0.9371923357248306	0.10939691960811615
10	5	1	500	615	2.567508704960346	0.00994594395160675	1.0231849998235703	0.009287819266319275
10	5	1	500	616	0.8869258537888527	0.010120868682861328	1.6676951721310616	0.014113657176494598
10	5	1	500	493	0.6050710305571556	0.00904420018196106	1.1185645535588264	0.008549191057682037
10	5	1	500	623	0.8726477921009064	0.0110696479678154	1.3569361865520477	0.020305804908275604
10	5	1	500	584	0.8644193857908249	0.011200383305549622	2.8705909922719	3.484394356608391
10	5	1	500	672	0.6312961727380753	0.010879971086978912	2.0390361845493317	0.01160074770450592
10	5	1	500	581	0.6119314357638359	0.00998757779598236	1.7914609536528587	0.013916224241256714
10	5	1	500	595	2.671578474342823	0.0101083442568779	2.1553461104631424	0.10385869443416595
10	5	1	500	633	0.6212256476283073	0.010679587721824646	1.688953511416912	0.009717829525470734
10	5	1	500	648	0.6193920522928238	0.010612145066261292	1.018538698554039	0.008777372539043427
10	5	1	500	506	2.733656696975231	0.010801509022712708	2.1596450731158257	2.807568833231926
10	5	1	500	651	0.8910859748721123	0.011954925954341888	2.455458253622055	0.14382781833410263
10	5	1	500	642	0.5943965017795563	0.009586766362190247	1.1852408796548843	0.013953104615211487
10	5	1	500	575	2.744221419095993	0.011576443910598755	1.7646145299077034	0.08699772506952286
10	5	1	500	492	0.5887810364365578	0.010260164737701416	1.0496773794293404	0.0649833008646965
10	5	1	500	502	0.5941564068198204	0.009387016296386719	1.5885891243815422	2.5131696090102196
10	5	1	500	655	0.5471411123871803	0.009052611887454987	0.8806037083268166	0.005093708634376526
10	5	1	500	556	0.6058636084198952	0.010185949504375458	1.3092177212238312	0.08124388754367828
10	5	1	500	599	0.6124693676829338	0.0104178786277771	2.0974436923861504	0.013607889413833618
10	5	1	500	595	0.8908086940646172	0.010557174682617188	1.276049830019474	0.012590132653713226
10	5	1	500	676	0.879357784986496	0.011377453804016113	1.2145540341734886	0.022570088505744934
10	5	1	500	613	0.8487391695380211	0.00966373085975647	1.4707409515976906	0.011204339563846588
10	5	1	500	699	0.6005133166909218	0.011263355612754822	1.561191201210022	0.01458335667848587
10	5	1	500	528	0.5983814671635628	0.010557979345321655	1.9063962548971176	4.720585495233536
10	5	1	500	467	0.5885313972830772	0.00911005586385727	1.6596910580992699	1.550989381968975
10	5	1	500	674	0.9002990573644638	0.011671178042888641	2.115264371037483	0.020087771117687225
10	5	1	500	552	0.6021272912621498	0.010500468313694	2.505907729268074	2.1452763453125954
10	5	1	500	585	0.6149067804217339	0.009551703929901123	1.3929948583245277	0.01001468300819397
10	5	1	500	568	0.5953333526849747	0.011267796158790588	2.016371436417103	1.9692247584462166
10	5	1	500	542	0.5928982049226761	0.00922229140996933	1.3432090133428574	0.007546760141849518
10	5	1	500	543	0.5927527844905853	0.010210037231445312	1.388995461165905	0.082289919257164
10	5	1	500	553	2.6878266632556915	0.010875426232814789	1.8229758888483047	0.09177129715681076
10	5	1	500	656	2.615073874592781	0.010259188711643219	2.3812184184789658	0.14031043648719788
10	5	1	500	633	2.6509663835167885	0.010280981659889221	1.0687180906534195	0.007695011794567108
10	5	1	500	652	0.8656425699591637	0.011080868542194366	1.5004912167787552	0.16909612715244293
10	5	1	500	460	0.5893650278449059	0.008370019495487213	1.1793377250432968	0.07296442240476608
10	5	1	500	566	2.654024861752987	0.009503938257694244	1.9486792087554932	0.2831968143582344
10	5	1	500	454	0.31287337839603424	0.007955960929393768	0.9593594074249268	0.005779050290584564
10	5	1	500	633	0.8983822166919708	0.010564453899860382	2.2499769181013107	0.16251786053180695
10	5	1	500	579	0.5346717163920403	0.009021095931529999	1.69523636251688	0.016608208417892456
10	5	1	500	680	2.432696118950844	0.010615915060043335	1.276226982474327	0.012886583805084229
10	5	1	500	561	0.6045918166637421	0.00951676070690155	1.0998589843511581	0.09673363715410233
10	5	1	500	554	0.5893196240067482	0.010015293955802917	1.7639641091227531	0.00838286429643631
10	5	1	500	653	0.6230028495192528	0.010669291019439697	1.1499035730957985	0.022075414657592773
10	5	1	500	513	0.6028560027480125	0.010885953903198242	1.4542136937379837	0.844404324889183
10	5	1	500	588	0.6118733659386635	0.011406704783439636	1.7575435936450958	0.013959869742393494
10	5	1	500	678	0.631461963057518	0.011691465973854065	1.0602467581629753	0.01658378541469574
10	5	1	500	600	0.6212907433509827	0.01033058762550354	1.101983018219471	0.009782753884792328
10	5	1	500	621	2.7360462695360184	0.011353693902492523	1.0849934220314026	0.008294209837913513
10	5	1	500	464	0.5681027770042419	0.00797668844461441	1.1001306921243668	0.04689644277095795
10	5	1	500	673	0.6298229843378067	0.012045890092849731	1.4749734625220299	0.008732050657272339
10	5	1	500	500	0.608150377869606	0.008879922330379486	1.179815873503685	0.005458056926727295
10	5	1	500	703	2.7648089826107025	0.012320660054683685	1.4653438851237297	0.014237448573112488
10	5	1	500	659	2.746946357190609	0.011076971888542175	1.6615414917469025	0.03157207369804382
10	5	1	500	682	0.8015682324767113	0.010274209082126617	1.6163461655378342	0.014315702021121979
10	5	1	500	548	0.6074290126562119	0.01050616055727005	1.0390051454305649	0.008523695170879364
10	5	1	500	469	0.5865416824817657	0.010777793824672699	0.9676521196961403	0.0037660524249076843
10	5	1	500	630	0.6232782229781151	0.011818110942840576	2.0659479945898056	0.01592119038105011
10	5	1	500	494	0.581331692636013	0.00879427045583725	1.1783310994505882	0.006530359387397766
10	5	1	500	573	0.881825216114521	0.010256022214889526	1.4677079766988754	0.009794317185878754
10	5	1	500	446	0.28166791796684265	0.007846072316169739	1.0729476436972618	0.003694966435432434
10	5	1	500	669	2.7842102870345116	0.016570143401622772	1.8053827732801437	0.008825190365314484
10	5	1	500	446	0.3120547980070114	0.007927916944026947	0.9914594665169716	0.004069693386554718
10	5	1	500	578	0.8845697417855263	0.010474972426891327	2.5998745039105415	5.613328188657761
10	5	1	500	619	0.6152254417538643	0.009949639439582825	0.9646393582224846	0.007726728916168213
10	5	1	500	657	0.5575785934925079	0.010208427906036377	1.5462349951267242	0.01895156502723694
10	5	1	500	594	0.8811286017298698	0.011706642806529999	2.941423326730728	8.135515578091145
10	5	1	500	583	0.5979019924998283	0.010295853018760681	1.4948455393314362	0.08996132761240005
10	5	1	500	578	0.6158894896507263	0.010476350784301758	1.317532017827034	0.10584993660449982
10	5	1	500	692	2.6551957726478577	0.011107102036476135	1.1494725123047829	0.010190054774284363
10	5	1	500	523	0.8576242551207542	0.010426126420497894	2.0781016126275063	0.5740760490298271
10	5	1	500	586	0.8777094408869743	0.010514065623283386	2.365947797894478	1.5951575264334679
10	5	1	500	663	0.6314120218157768	0.011092618107795715	1.0759133845567703	0.010013170540332794
10	5	1	500	500	0.6034569963812828	0.008188098669052124	1.208214432001114	0.013321846723556519
10	5	1	500	519	0.6385831832885742	0.008892886340618134	1.0451126769185066	0.006265945732593536
10	5	1	500	652	2.825203947722912	0.010320991277694702	2.104004330933094	0.09988559782505035
10	5	1	500	576	0.6140826344490051	0.00980011373758316	1.6807569116353989	0.14855863898992538
10	5	1	500	535	0.6193234771490097	0.010284312069416046	1.131985068321228	0.021410495042800903
10	5	1	500	574	0.607520692050457	0.0106649249792099	1.0325118824839592	0.003824874758720398
10	5	1	500	544	2.7145895063877106	0.010356180369853973	2.1863578855991364	0.9873379245400429
10	5	1	500	536	0.5906977951526642	0.009319044649600983	2.003755934536457	0.1530722826719284
10	5	1	500	486	0.5862457379698753	0.009211182594299316	1.144898183643818	0.006474435329437256
10	5	1	500	537	0.8685681223869324	0.010774321854114532	2.2079649716615677	3.2624669522047043
10	5	1	500	618	0.8510844632983208	0.009979978203773499	1.1594668328762054	0.015246070921421051
10	5	1	500	599	0.8852296322584152	0.010043241083621979	1.0207731500267982	0.009838998317718506
10	5	1	500	685	0.8019632771611214	0.010876946151256561	1.289589561522007	0.009405776858329773
10	5	1	500	494	0.5923854261636734	0.007985003292560577	0.9629620909690857	0.003520749509334564
10	5	1	500	654	0.6304796859622002	0.010367542505264282	2.448499456048012	0.01376306265592575
10	5	1	500	553	2.4055056646466255	0.010557189583778381	2.2100175246596336	9.363674640655518
10	5	1	500	436	0.8599295765161514	0.008324913680553436	1.9745555892586708	7.232029162347317
10	5	1	500	537	0.8791613876819611	0.010267317295074463	2.2902276143431664	0.5558153837919235
10	5	1	500	511	0.5899197831749916	0.009926550090312958	1.6314582973718643	2.9128135070204735
10	5	1	500	655	0.8925939351320267	0.010679394006729126	1.8736718147993088	0.025204740464687347
10	5	1	500	636	2.7605318799614906	0.010225504636764526	1.2474387884140015	0.016238749027252197
10	5	1	500	556	0.6018840372562408	0.011546097695827484	1.597475714981556	0.11613374203443527
10	5	1	500	600	0.6181484907865524	0.011155754327774048	1.805764839053154	0.005730189383029938
10	5	1	500	502	0.5948399677872658	0.010841704905033112	1.4071481078863144	0.5445907935500145
10	5	1	500	523	0.586594469845295	0.009338818490505219	2.0845559537410736	2.8766039833426476
10	5	1	500	698	0.8286931589245796	0.010996483266353607	1.5258267521858215	0.017284512519836426
10	5	1	500	636	0.8759666308760643	0.011328011751174927	1.177823767066002	0.008467182517051697
10	5	1	500	664	0.7998498827219009	0.009034678339958191	1.1727582216262817	0.007651865482330322
10	5	1	500	640	0.8678424060344696	0.010769940912723541	1.8455721288919449	0.014883145689964294
10	5	1	500	692	0.6324556022882462	0.012872673571109772	1.6025808677077293	0.014266245067119598
10	5	1	500	550	0.6072189062833786	0.010385490953922272	1.0635389536619186	0.008440457284450531
10	5	1	500	495	0.5922862514853477	0.010608918964862823	0.9631760492920876	0.003878764808177948
10	5	1	500	670	2.769495405256748	0.013893373310565948	1.1633752807974815	0.010158352553844452
10	5	1	500	580	0.6133943051099777	0.009351477026939392	1.1318532824516296	0.021224215626716614
10	5	1	500	625	0.5556954964995384	0.010923773050308228	0.9216574430465698	0.0053779855370521545
10	5	1	500	654	0.6230878978967667	0.010471008718013763	1.2636129409074783	0.13201451301574707
10	5	1	500	570	0.6254349201917648	0.009225137531757355	1.2122849747538567	0.01519320160150528
10	5	1	500	522	0.5380747765302658	0.008723750710487366	1.73764518648386	0.8918620944023132
10	5	1	500	509	0.5802784636616707	0.00821482390165329	1.0475920662283897	0.007532790303230286
10	5	1	500	647	2.7673413679003716	0.01158810406923294	2.1568321138620377	0.016817420721054077
10	5	1	500	705	0.5998179838061333	0.010967940092086792	1.0592431277036667	0.01676914095878601
10	5	1	500	540	0.6022869497537613	0.00987299531698227	2.1853664815425873	8.188979111611843
10	5	1	500	549	0.6111283227801323	0.009079135954380035	0.9660335183143616	0.011247538030147552
10	5	1	500	499	0.588312953710556	0.008803151547908783	1.1198938339948654	0.00780177116394043
10	5	1	500	613	1.172272950410843	0.010695524513721466	1.1851524785161018	0.007611319422721863
10	5	1	500	571	1.0417012572288513	0.010070733726024628	1.4037972018122673	0.009764939546585083
10	5	1	500	401	0.589725486934185	0.00797860324382782	1.585547812283039	3.6093257665634155
10	5	1	500	600	0.6029099822044373	0.009340181946754456	1.1923969835042953	0.009930849075317383
10	5	1	500	616	0.9051900655031204	0.00973019003868103	1.2320546135306358	0.0202043354511261
10	5	1	500	537	0.600360095500946	0.01038438081741333	2.223109893500805	0.3247475177049637
10	5	1	500	660	2.7132299542427063	0.011992387473583221	1.2043812200427055	0.010164767503738403
10	5	1	500	594	2.4761804193258286	0.011809170246124268	2.4214877039194107	4.01337830722332
10	5	1	500	693	2.5625585839152336	0.013053946197032928	1.3303658366203308	0.010097309947013855
10	5	1	500	492	0.5940166488289833	0.011240623891353607	1.265644133090973	0.1518186777830124
10	5	1	500	607	2.72064708173275	0.012670673429965973	2.3796875327825546	0.37620797008275986
10	5	1	500	591	0.6103176847100258	0.010072603821754456	1.8888019099831581	0.10391802340745926
10	5	1	500	681	2.7217890322208405	0.014609791338443756	1.201805166900158	0.013377569615840912
10	5	1	500	624	0.6070432737469673	0.010807141661643982	1.0371143221855164	0.007680788636207581
10	5	1	500	694	0.8838079124689102	0.011334352195262909	1.607698068022728	0.0203201025724411
10	5	1	500	511	0.5978725254535675	0.00971311330795288	1.751708596944809	0.0610680878162384
10	5	1	500	588	0.845992811024189	0.010454975068569183	2.6469330713152885	4.298121400177479
10	5	1	500	567	0.8720120936632156	0.011288665235042572	1.7915297150611877	0.014226056635379791
10	5	1	500	554	0.5965782627463341	0.011581078171730042	1.1670182198286057	0.007663562893867493
10	5	1	500	462	0.5866702198982239	0.00881166011095047	1.2333463430404663	0.0074028074741363525
10	5	1	500	619	2.775334805250168	0.011986486613750458	1.0108811184763908	0.009981594979763031
10	5	1	500	443	0.5912209451198578	0.009855471551418304	1.5506874099373817	1.6614743396639824
10	5	1	500	494	0.5603750348091125	0.00995657593011856	2.1000921428203583	14.02964099496603
10	5	1	500	675	0.8909142762422562	0.012850113213062286	1.77328360080719	0.014445476233959198
10	5	1	500	661	0.9089032262563705	0.011400923132896423	1.5944322869181633	0.00879792869091034
10	5	1	500	674	0.6119826063513756	0.011956162750720978	1.4602761045098305	0.014263086020946503
10	5	1	500	671	0.6247843652963638	0.0109834223985672	1.0449298173189163	0.016431719064712524
10	5	1	500	641	2.817587487399578	0.011074960231781006	1.0902609154582024	0.006365202367305756
10	5	1	500	667	0.9142806380987167	0.01090383529663086	2.4525802955031395	0.016802139580249786
10	5	1	500	696	0.905344195663929	0.011495411396026611	1.197057619690895	0.01510879397392273
10	5	1	500	559	2.76467265188694	0.012825898826122284	2.173896089196205	7.862965613603592
10	5	1	500	568	0.5821081772446632	0.010022252798080444	1.0974495112895966	0.00358397513628006
10	5	1	500	629	2.771998204290867	0.01236031949520111	1.3226668983697891	0.014979317784309387
10	5	1	500	653	2.7671989053487778	0.012647487223148346	0.9561937674880028	0.007106885313987732
