10	4	1	500	624	0.6243423968553543	0.011249981820583344	1.730595052242279	0.015037275850772858
10	4	1	500	522	0.8928401917219162	0.010503634810447693	1.5242342576384544	0.009814105927944183
10	4	1	500	463	0.5872701779007912	0.008880764245986938	1.62022565305233	0.008672289550304413
10	4	1	500	500	0.584869995713234	0.008519560098648071	0.9882718846201897	0.007779635488986969
10	4	1	500	531	0.6198860853910446	0.009721480309963226	1.1344505175948143	0.009888306260108948
10	4	1	500	441	0.30389048159122467	0.007966816425323486	0.9675309285521507	0.008243054151535034
10	4	1	500	576	0.6121265813708305	0.009220302104949951	1.2398304343223572	0.016575485467910767
10	4	1	500	569	0.6080342382192612	0.009002283215522766	1.1479595452547073	0.05345526337623596
10	4	1	500	553	0.6066199839115143	0.010081574320793152	1.455145888030529	0.01608426868915558
10	4	1	500	523	0.6025361269712448	0.009155482053756714	1.3449188619852066	0.007656745612621307
10	4	1	500	594	0.6191992089152336	0.01026974618434906	1.4716300517320633	0.010126687586307526
10	4	1	500	469	0.6001041829586029	0.008671201765537262	1.661472000181675	0.05219912528991699
10	4	1	500	637	0.6258471310138702	0.011045455932617188	1.0903261229395866	0.013541057705879211
10	4	1	500	518	0.595392607152462	0.009702377021312714	1.8157620504498482	0.026006177067756653
10	4	1	500	604	2.717952139675617	0.011161267757415771	1.4588706716895103	0.015367060899734497
10	4	1	500	543	0.8734121322631836	0.010430984199047089	1.8288654461503029	0.00868012011051178
10	4	1	500	599	0.6058214530348778	0.01000116765499115	1.5670228376984596	0.008904866874217987
10	4	1	500	533	0.596015565097332	0.00953056663274765	1.6306903138756752	0.007129080593585968
10	4	1	500	627	0.620744064450264	0.010711267590522766	1.2505429908633232	0.010340318083763123
10	4	1	500	528	0.6012380495667458	0.009767241775989532	1.9760652929544449	1.019980899989605
10	4	1	500	601	0.6076711937785149	0.01004394143819809	1.6393559724092484	0.009717650711536407
10	4	1	500	519	0.6076213270425797	0.009166449308395386	1.2113741859793663	0.013787947595119476
10	4	1	500	451	0.30810120701789856	0.007815375924110413	1.259480468928814	0.00818052887916565
10	4	1	500	514	0.5976377800107002	0.008911848068237305	1.0284494161605835	0.006565101444721222
10	4	1	500	594	0.6143062189221382	0.010134436190128326	1.3321229442954063	0.012556709349155426
10	4	1	500	564	0.6063088029623032	0.010328605771064758	1.1754098162055016	0.00487276166677475
10	4	1	500	616	0.5568955093622208	0.009613394737243652	1.623365394771099	0.01537054032087326
10	4	1	500	535	2.6418322250247	0.009901881217956543	1.8423917293548584	2.370275817811489
10	4	1	500	617	0.8922935947775841	0.010721445083618164	1.4830700010061264	0.008573576807975769
10	4	1	500	590	0.6192617788910866	0.010312095284461975	1.1439311280846596	0.016454778611660004
10	4	1	500	619	0.6091987118124962	0.010370627045631409	0.953925646841526	0.007107749581336975
10	4	1	500	565	0.6075296252965927	0.010557390749454498	2.1120798364281654	0.018578998744487762
10	4	1	500	434	0.5854586809873581	0.00839243084192276	1.0307914912700653	0.06680775433778763
10	4	1	500	539	0.6073489859700203	0.009910650551319122	2.14846458286047	1.6374982967972755
10	4	1	500	597	0.8791783973574638	0.010415159165859222	1.0665271058678627	0.012949317693710327
10	4	1	500	535	2.6827107667922974	0.008855007588863373	1.1317598968744278	0.00861380249261856
10	4	1	500	515	0.5997808054089546	0.009585492312908173	1.0576068609952927	0.006518743932247162
10	4	1	500	593	0.8855068162083626	0.00984656810760498	0.9197509810328484	0.015452869236469269
10	4	1	500	610	0.8758353143930435	0.01054355502128601	0.9482721462845802	0.01030644029378891
10	4	1	500	614	0.8718399032950401	0.010707326233386993	2.0250957012176514	0.01607774943113327
10	4	1	500	472	0.8708255141973495	0.009034320712089539	1.640087217092514	0.012537159025669098
10	4	1	500	421	0.5918481647968292	0.008747175335884094	1.7691279277205467	0.931472159922123
10	4	1	500	640	2.644783675670624	0.009682528674602509	1.1215033829212189	0.02105836570262909
10	4	1	500	621	2.6738379150629044	0.009960882365703583	0.9780438244342804	0.013557128608226776
10	4	1	500	562	0.8801277205348015	0.010111100971698761	2.085575357079506	0.008064180612564087
10	4	1	500	469	0.592680424451828	0.00894157588481903	0.9524141028523445	0.004519551992416382
10	4	1	500	556	2.6865293756127357	0.009582161903381348	2.2925437092781067	0.24609877914190292
10	4	1	500	526	2.648058481514454	0.009290918707847595	1.710304819047451	0.020652011036872864
10	4	1	500	624	2.7367220744490623	0.010858006775379181	2.050854191184044	0.014031179249286652
10	4	1	500	472	0.578802078962326	0.008220382034778595	1.364886797964573	0.08037030696868896
10	4	1	500	530	0.6151434704661369	0.009485743939876556	1.168285109102726	0.012583509087562561
10	4	1	500	607	2.767440088093281	0.010717935860157013	1.715242862701416	0.014138802886009216
10	4	1	500	607	0.8889933526515961	0.010283507406711578	1.569899395108223	0.011735312640666962
10	4	1	500	569	0.7925664633512497	0.009354166686534882	1.890804409980774	0.015093803405761719
10	4	1	500	609	0.621997632086277	0.010448001325130463	1.1483500748872757	0.012193277478218079
10	4	1	500	486	0.6073526665568352	0.009196922183036804	1.1880017518997192	0.010036997497081757
10	4	1	500	631	2.7504916563630104	0.009973384439945221	0.979291670024395	0.012462466955184937
10	4	1	500	574	0.6120762750506401	0.010034754872322083	1.6339122205972672	0.006457917392253876
10	4	1	500	577	2.64762232452631	0.009359695017337799	1.134494811296463	0.01020824909210205
10	4	1	500	601	0.6096917912364006	0.011596940457820892	1.6575181782245636	0.009923651814460754
10	4	1	500	623	0.5568041577935219	0.009387582540512085	1.6752720326185226	0.014406375586986542
10	4	1	500	616	0.6205605939030647	0.010452456772327423	1.0908246785402298	0.00394497811794281
10	4	1	500	584	0.8985646292567253	0.009722210466861725	1.5995559319853783	0.01496877521276474
10	4	1	500	623	0.874064140021801	0.00991085171699524	1.5392931625247002	0.008572153747081757
10	4	1	500	500	0.6023136675357819	0.009141907095909119	1.67441838234663	2.3938115015625954
10	4	1	500	595	0.6237440705299377	0.009782098233699799	1.5294422656297684	0.013004176318645477
10	4	1	500	524	2.8402034267783165	0.009716108441352844	2.2712139263749123	15.001283898949623
10	4	1	500	486	0.5981074571609497	0.009555831551551819	1.0870652496814728	0.007558710873126984
10	4	1	500	467	0.5892676487565041	0.008262887597084045	1.670339696109295	0.15562430769205093
10	4	1	500	451	0.5834638029336929	0.008558198809623718	1.3516708686947823	0.008522018790245056
10	4	1	500	537	0.6054564267396927	0.00953470915555954	1.1334037780761719	0.053626418113708496
10	4	1	500	583	0.8825896605849266	0.01073458045721054	1.9643384292721748	0.021333158016204834
10	4	1	500	557	0.6172082647681236	0.010436423122882843	1.049412526190281	0.07736361026763916
10	4	1	500	514	0.6071863174438477	0.009525202214717865	1.2781053632497787	0.008687302470207214
10	4	1	500	610	0.6183539107441902	0.010421223938465118	1.6018235683441162	0.010267868638038635
10	4	1	500	457	0.5801401808857918	0.007944121956825256	1.419449120759964	0.03722523897886276
10	4	1	500	619	2.828667439520359	0.01132982224225998	1.2611524537205696	0.13049539178609848
10	4	1	500	546	0.6062060296535492	0.010186590254306793	1.3757935538887978	0.018232762813568115
10	4	1	500	527	0.6057261005043983	0.00918067991733551	0.8607679679989815	0.008185729384422302
10	4	1	500	541	2.6676332876086235	0.01109209656715393	2.028002344071865	4.163577474653721
10	4	1	500	568	0.6099328175187111	0.010210886597633362	1.7341916263103485	0.007775433361530304
10	4	1	500	559	0.5459556952118874	0.01260368525981903	1.098772093653679	0.009817376732826233
10	4	1	500	557	2.6951207742094994	0.011095620691776276	1.6167079359292984	0.012462303042411804
10	4	1	500	502	0.5978047251701355	0.009748607873916626	1.5426141321659088	1.16298296302557
10	4	1	500	614	0.8364399820566177	0.010591834783554077	1.6052047535777092	0.013925813138484955
10	4	1	500	530	0.5893841236829758	0.009763069450855255	1.6381363421678543	0.2855035066604614
10	4	1	500	564	2.7401963397860527	0.010353535413742065	1.1832211092114449	0.006533421576023102
10	4	1	500	577	0.6189624518156052	0.010325491428375244	0.9838395342230797	0.015571661293506622
10	4	1	500	550	0.5405540838837624	0.008515357971191406	1.5653690174221992	0.015050239861011505
10	4	1	500	465	0.5821301341056824	0.008359238505363464	1.4203358814120293	0.43010424822568893
10	4	1	500	564	0.6129450500011444	0.010693863034248352	1.1053412035107613	0.007596626877784729
10	4	1	500	585	0.5524521693587303	0.008330218493938446	1.0413367003202438	0.009932778775691986
10	4	1	500	633	0.6202242523431778	0.010316938161849976	1.0160619542002678	0.0132514089345932
10	4	1	500	507	0.5992257744073868	0.009448431432247162	1.4069940447807312	0.017286665737628937
10	4	1	500	500	0.5832463130354881	0.008905485272407532	1.2533894181251526	0.05590367317199707
10	4	1	500	548	0.60450529307127	0.009369373321533203	0.8839875087141991	0.007596135139465332
10	4	1	500	626	0.6166346594691277	0.011086702346801758	1.5083277970552444	0.014786139130592346
10	4	1	500	469	0.5912742763757706	0.009667299687862396	1.0354465395212173	0.008128494024276733
10	4	1	500	605	0.6139387041330338	0.009951479732990265	1.5258144959807396	0.010449238121509552
10	4	1	500	573	0.6147536560893059	0.013905003666877747	1.6150891408324242	0.010431677103042603
10	4	1	500	592	0.6151414513587952	0.012294076383113861	1.288509301841259	0.013986580073833466
10	4	1	500	563	0.5926168113946915	0.010160654783248901	1.0206378698349	0.006235845386981964
10	4	1	500	524	0.5974889174103737	0.00955171138048172	2.031943365931511	4.826958119869232
10	4	1	500	472	0.5925135761499405	0.007989093661308289	1.0724080055952072	0.04969532787799835
10	4	1	500	624	0.8851596117019653	0.00958588719367981	1.0032338351011276	0.01320185512304306
10	4	1	500	601	0.6097146272659302	0.009660474956035614	1.093640424311161	0.01219111680984497
10	4	1	500	502	0.5915277451276779	0.009324409067630768	1.0291171371936798	0.00987178087234497
10	4	1	500	454	0.5885830223560333	0.008739441633224487	1.186288796365261	0.004081130027770996
10	4	1	500	496	2.694963663816452	0.009836271405220032	1.1317703425884247	0.014944583177566528
10	4	1	500	563	2.6999611109495163	0.011126905679702759	1.2161081209778786	0.10811983048915863
10	4	1	500	575	0.8840870186686516	0.009865298867225647	0.9989253729581833	0.012392312288284302
10	4	1	500	555	0.5907562375068665	0.009476430714130402	1.1667765155434608	0.0037539899349212646
10	4	1	500	639	0.8878037631511688	0.01084689050912857	1.2440548911690712	0.012470126152038574
10	4	1	500	524	0.535150833427906	0.008598022162914276	1.6282389014959335	0.08888134360313416
10	4	1	500	515	0.5949357971549034	0.009978070855140686	2.210258074104786	8.397088550031185
10	4	1	500	510	2.597735248506069	0.008377626538276672	1.0266597270965576	0.011014580726623535
10	4	1	500	610	0.8831889852881432	0.011180631816387177	1.423572525382042	0.00838693231344223
10	4	1	500	573	2.6298990473151207	0.00947415828704834	1.6434788331389427	0.009063415229320526
10	4	1	500	529	2.5819497033953667	0.009436294436454773	1.803425282239914	0.10876219719648361
10	4	1	500	554	0.8715570271015167	0.01050540804862976	2.0574922040104866	0.8332104831933975
10	4	1	500	486	0.5909972786903381	0.008904583752155304	0.9981319010257721	0.006736941635608673
10	4	1	500	558	0.6037580892443657	0.01071087270975113	1.297615110874176	0.006387658417224884
10	4	1	500	588	0.8738759532570839	0.010589703917503357	1.1064975932240486	0.008665159344673157
10	4	1	500	641	0.6186270713806152	0.010580919682979584	1.126511588692665	0.0123085156083107
10	4	1	500	479	0.5883733034133911	0.009362451732158661	2.159624621272087	1.3333249986171722
10	4	1	500	551	0.8737642019987106	0.009557776153087616	1.2222749292850494	0.012073904275894165
10	4	1	500	594	0.6157679259777069	0.011007167398929596	1.13155497610569	0.009775340557098389
10	4	1	500	598	0.8693434596061707	0.010510943830013275	0.9246292859315872	0.00554492324590683
10	4	1	500	454	0.5893161594867706	0.008729040622711182	2.0524836033582687	0.4468966871500015
10	4	1	500	563	2.5950126349925995	0.010959863662719727	1.972933515906334	0.4164777994155884
10	4	1	500	583	0.8802264407277107	0.009820595383644104	1.3550255447626114	0.0056261345744132996
10	4	1	500	496	0.5956417992711067	0.008733361959457397	1.1564223915338516	0.01135043054819107
10	4	1	500	570	0.6039089038968086	0.010593727231025696	1.8476514741778374	0.016304321587085724
10	4	1	500	591	0.6049081608653069	0.009965933859348297	1.2718549892306328	0.007741019129753113
10	4	1	500	643	2.7548921778798103	0.011330612003803253	1.0778774246573448	0.01658550649881363
10	4	1	500	502	0.603967621922493	0.0089850053191185	1.1191871836781502	0.012714765965938568
10	4	1	500	559	0.6040183678269386	0.010641723871231079	1.2653255984187126	0.01028411090373993
10	4	1	500	559	0.8698874041438103	0.010863743722438812	1.1211782172322273	0.0053634196519851685
10	4	1	500	619	2.743631713092327	0.010798707604408264	1.6621382310986519	0.014882788062095642
10	4	1	500	628	0.6062347963452339	0.010806545615196228	1.0556765124201775	0.010007023811340332
10	4	1	500	474	0.5852940157055855	0.008756160736083984	1.039693184196949	0.007438987493515015
10	4	1	500	446	0.5905661955475807	0.008311823010444641	1.3954185098409653	1.23164514452219
10	4	1	500	576	0.6161342784762383	0.010155998170375824	1.0693415701389313	0.007842354476451874
10	4	1	500	540	0.598759226500988	0.009518645703792572	1.0504366382956505	0.008235856890678406
10	4	1	500	499	2.6235403046011925	0.008845575153827667	1.7252966463565826	0.11847127228975296
10	4	1	500	483	0.5852790996432304	0.009442657232284546	1.498250164091587	0.0650738924741745
10	4	1	500	573	0.8841506093740463	0.00933714210987091	1.7937736362218857	0.25934509187936783
10	4	1	500	633	0.6224330291152	0.01094038039445877	1.1528993770480156	0.0038092583417892456
10	4	1	500	529	0.5963107198476791	0.009135417640209198	1.1199411898851395	0.007546529173851013
10	4	1	500	518	0.5873711109161377	0.009973868727684021	1.746832512319088	2.28332207351923
10	4	1	500	475	0.5733100399374962	0.00836479663848877	1.153846599161625	0.10208165645599365
10	4	1	500	446	0.3119761422276497	0.007380925118923187	1.197335623204708	0.0020188316702842712
10	4	1	500	545	0.5991204977035522	0.00948081910610199	1.385454460978508	0.04417824745178223
10	4	1	500	587	0.6132589280605316	0.011000022292137146	1.0887007415294647	0.010449647903442383
10	4	1	500	620	0.6196142733097076	0.010982818901538849	1.0198306664824486	0.01109914481639862
10	4	1	500	559	0.6125073879957199	0.010361850261688232	1.5919181779026985	0.016733422875404358
10	4	1	500	559	0.6144619882106781	0.01036141812801361	1.125577911734581	0.014172576367855072
10	4	1	500	507	0.5686682686209679	0.010171927511692047	2.073232874274254	6.6007741540670395
10	4	1	500	454	0.312053918838501	0.007810413837432861	1.112173430621624	0.007206730544567108
10	4	1	500	625	0.8897451534867287	0.010339677333831787	1.4786864668130875	0.017519623041152954
10	4	1	500	479	0.585750438272953	0.008901253342628479	1.1864324733614922	0.007558062672615051
10	4	1	500	533	0.6043631583452225	0.00937846302986145	1.7035456523299217	0.10300043225288391
10	4	1	500	614	0.620717316865921	0.01063334196805954	1.0924757197499275	0.01259942352771759
10	4	1	500	581	0.5342596396803856	0.009595297276973724	1.4987936839461327	0.014347001910209656
10	4	1	500	576	0.8766609281301498	0.011226490139961243	2.051560550928116	0.011593416333198547
10	4	1	500	444	0.323770135641098	0.008440256118774414	1.201532505452633	0.010537676513195038
10	4	1	500	584	0.6058061569929123	0.009614817798137665	1.591599203646183	0.015471436083316803
10	4	1	500	480	0.5836762636899948	0.009097322821617126	1.2889763042330742	0.05026505887508392
10	4	1	500	577	0.6192676723003387	0.010715603828430176	1.568117931485176	0.007742062211036682
10	4	1	500	555	2.6544902101159096	0.010396681725978851	1.191889651119709	0.02698427438735962
10	4	1	500	453	0.5988768264651299	0.008935444056987762	1.582514926791191	0.10080832242965698
10	4	1	500	482	0.5802987366914749	0.008497342467308044	1.058224841952324	0.009832911193370819
10	4	1	500	634	0.8864332735538483	0.011309541761875153	1.0640494301915169	0.011371850967407227
10	4	1	500	524	0.5900264382362366	0.010603636503219604	2.1894029527902603	4.029024735093117
10	4	1	500	575	0.5982154086232185	0.010115869343280792	1.8603240251541138	0.00865078717470169
10	4	1	500	574	0.604833297431469	0.01084502786397934	1.596897803246975	0.00993509590625763
10	4	1	500	618	0.5790221095085144	0.010740138590335846	1.5776132568717003	0.01636677235364914
10	4	1	500	545	0.6044027358293533	0.010537214577198029	1.0247172564268112	0.007553890347480774
10	4	1	500	565	2.7136252745985985	0.010687142610549927	1.2239359691739082	0.0633058249950409
10	4	1	500	626	2.661895275115967	0.01132018119096756	1.0969355553388596	0.013294495642185211
10	4	1	500	538	0.6011993065476418	0.009352557361125946	0.9447228983044624	0.007263079285621643
10	4	1	500	462	0.604519248008728	0.008730366826057434	1.082901231944561	0.005354426801204681
10	4	1	500	582	0.6108621656894684	0.009470269083976746	2.422318533062935	0.029308505356311798
10	4	1	500	616	0.606946624815464	0.010602898895740509	1.7596587985754013	0.09280725568532944
10	4	1	500	540	0.602461189031601	0.009639091789722443	1.4222594574093819	0.013125240802764893
10	4	1	500	617	0.8683341518044472	0.01090174913406372	1.648280307650566	0.011541016399860382
10	4	1	500	616	0.6148939430713654	0.010427139699459076	1.1947378814220428	0.01003856211900711
10	4	1	500	443	0.3228877931833267	0.008191660046577454	1.1666520833969116	0.004192948341369629
10	4	1	500	632	0.8929724544286728	0.010890945792198181	1.4198402538895607	0.10973047465085983
10	4	1	500	529	0.5904197096824646	0.010237455368041992	1.8217832669615746	0.09629318118095398
10	4	1	500	620	0.7937912121415138	0.009358316659927368	1.6412645876407623	0.01407179981470108
10	4	1	500	611	0.6175608187913895	0.010301537811756134	1.585999384522438	0.015148133039474487
10	4	1	500	508	0.6003689095377922	0.009745955467224121	0.9152195528149605	0.008157648146152496
10	4	1	500	552	2.7644824162125587	0.011645510792732239	2.076484225690365	1.0997999757528305
10	4	1	500	550	0.567463792860508	0.010064959526062012	1.530986711382866	0.22798709571361542
10	4	1	500	536	0.5865495130419731	0.010043002665042877	1.969882808625698	0.014992870390415192
10	4	1	500	545	2.6793902814388275	0.011096850037574768	1.6862828135490417	0.16483037918806076
10	4	1	500	542	0.6012942865490913	0.009630098938941956	1.0748237371444702	0.008643090724945068
10	4	1	500	592	2.6951459124684334	0.010025016963481903	1.571322314441204	0.012665271759033203
10	4	1	500	618	0.6085008382797241	0.010550424456596375	0.9673150777816772	0.007743500173091888
10	4	1	500	548	2.680497333407402	0.009918682277202606	1.866043321788311	0.15960143506526947
10	4	1	500	609	0.6158943101763725	0.010380126535892487	1.0813526511192322	0.13357212394475937
10	4	1	500	485	0.8569643646478653	0.011327922344207764	1.7178222835063934	1.0292826145887375
10	4	1	500	589	2.7401526421308517	0.010495774447917938	1.6554515212774277	0.015317253768444061
10	4	1	500	477	0.594150997698307	0.010164134204387665	1.3557619526982307	0.049159467220306396
10	4	1	500	599	0.6146101728081703	0.010530531406402588	1.9227263778448105	0.01492224633693695
10	4	1	500	630	0.8896982595324516	0.011196255683898926	0.9989439398050308	0.01987200230360031
10	4	1	500	639	2.738818183541298	0.011712566018104553	1.105187565088272	0.01165655255317688
10	4	1	500	606	0.8631051108241081	0.009802088141441345	1.0202961340546608	0.01641172170639038
10	4	1	500	494	0.5973383188247681	0.008704446256160736	1.1232850924134254	0.007670775055885315
10	4	1	500	428	0.5964711531996727	0.008605845272541046	1.3003523722290993	0.05011255294084549
10	4	1	500	499	0.617650531232357	0.009210415184497833	1.1176473051309586	0.010320961475372314
10	4	1	500	633	0.6182043328881264	0.010873034596443176	1.5186225399374962	0.015045396983623505
10	4	1	500	439	2.6962209716439247	0.008967675268650055	2.0417916625738144	1.083677552640438
10	4	1	500	606	0.5532670766115189	0.009517654776573181	1.7684890925884247	0.010172650218009949
10	4	1	500	547	2.718818739056587	0.0115179643034935	2.343352109193802	0.8253154531121254
10	4	1	500	446	0.31799837946891785	0.008386962115764618	1.012860357761383	0.004329748451709747
10	4	1	500	559	0.6120729818940163	0.009345941245555878	1.065319113433361	0.010087400674819946
10	4	1	500	529	0.5918276533484459	0.010523080825805664	1.870781347155571	0.07044178247451782
10	4	1	500	596	0.6185318976640701	0.01096748560667038	1.1627503037452698	0.007923610508441925
10	4	1	500	626	0.882176361978054	0.011390551924705505	1.7586738392710686	0.014145664870738983
10	4	1	500	530	0.5994515493512154	0.009424380958080292	0.9773716181516647	0.006426587700843811
10	4	1	500	531	0.6123099997639656	0.012066878378391266	2.346427597105503	6.117260918021202
10	4	1	500	542	0.5896081998944283	0.009931318461894989	1.020024485886097	0.00804755836725235
10	4	1	500	633	0.6171914935112	0.015881866216659546	1.0932633429765701	0.007975488901138306
10	4	1	500	520	0.866996593773365	0.01120138168334961	1.8384108394384384	1.6562949195504189
10	4	1	500	534	2.750068537890911	0.01128862053155899	2.1746281757950783	4.116012834012508
10	4	1	500	613	0.5556392893195152	0.009204864501953125	1.0457154512405396	0.007666602730751038
10	4	1	500	534	0.6061401069164276	0.014004141092300415	2.1351501047611237	0.6012500673532486
10	4	1	500	498	0.8706922307610512	0.010775446891784668	1.563222847878933	0.13827895373106003
10	4	1	500	509	0.5990009605884552	0.010563187301158905	1.9516127780079842	4.793170139193535
10	4	1	500	576	0.6086164638400078	0.01089620590209961	1.5872012078762054	0.009881168603897095
10	4	1	500	478	0.5888346880674362	0.009451717138290405	1.4030313715338707	1.3074301108717918
10	4	1	500	579	2.7179623171687126	0.012254521250724792	2.153084136545658	0.27214572578668594
10	4	1	500	599	0.8786868453025818	0.011768490076065063	1.582606054842472	0.010184712707996368
10	4	1	500	519	0.6009774506092072	0.010108038783073425	2.03680606931448	0.47497837245464325
10	4	1	500	527	2.747948132455349	0.011304222047328949	1.2625812739133835	0.009756051003932953
10	4	1	500	609	0.8921355605125427	0.012235678732395172	1.8298924267292023	0.01916056126356125
10	4	1	500	593	0.5889817252755165	0.0110926553606987	2.0074175149202347	0.018056832253932953
10	4	1	500	389	0.5824422612786293	0.00796467810869217	0.9851968437433243	0.01817011833190918
10	4	1	500	570	2.756154775619507	0.012366339564323425	1.3996506333351135	0.15999625623226166
10	4	1	500	529	0.585624448955059	0.009932324290275574	1.3386082649230957	0.3813728839159012
10	4	1	500	587	2.4073809534311295	0.010307148098945618	1.0174636617302895	0.006497703492641449
10	4	1	500	450	0.5905453637242317	0.008473455905914307	1.6598435565829277	0.09821222722530365
10	4	1	500	622	0.7743076756596565	0.009293973445892334	1.5728022530674934	0.014687836170196533
10	4	1	500	539	0.8695020973682404	0.010968931019306183	1.8573225513100624	0.6848829388618469
10	4	1	500	480	0.5842564329504967	0.008646436035633087	0.9380466714501381	0.0036620572209358215
10	4	1	500	603	0.8864333853125572	0.010764874517917633	1.0100377947092056	0.009903945028781891
10	4	1	500	479	0.5896248519420624	0.009625203907489777	1.5131730884313583	1.4037578478455544
10	4	1	500	477	0.5867177248001099	0.00930902361869812	1.1767141819000244	0.007976412773132324
10	4	1	500	522	0.8532640635967255	0.009951911866664886	1.9605047926306725	3.560916543006897
10	4	1	500	511	2.719022773206234	0.011081501841545105	1.1789042428135872	0.008534371852874756
10	4	1	500	507	0.5888041406869888	0.009506754577159882	1.9459776431322098	0.13811218738555908
10	4	1	500	591	0.8526695519685745	0.010480158030986786	1.090332642197609	0.005714103579521179
10	4	1	500	534	0.5376725345849991	0.009400002658367157	2.141553081572056	0.1205141544342041
10	4	1	500	601	0.8788926899433136	0.010248959064483643	1.1573948562145233	0.021138474345207214
10	4	1	500	572	0.6164615750312805	0.010917097330093384	1.1308875977993011	0.006498456001281738
10	4	1	500	479	0.585264764726162	0.009429410099983215	1.0535475313663483	0.008426979184150696
10	4	1	500	598	0.6195085719227791	0.009639494121074677	1.148763783276081	0.008856475353240967
10	4	1	500	616	0.8841102123260498	0.01064281165599823	1.2359937950968742	0.01544187217950821
10	4	1	500	525	0.5871035233139992	0.010319359600543976	1.1963729709386826	0.007771439850330353
10	4	1	500	588	2.722481846809387	0.011762894690036774	1.2425551563501358	0.015070915222167969
10	4	1	500	556	0.5902084708213806	0.009665131568908691	1.2325956225395203	0.011916875839233398
10	4	1	500	534	0.5975872650742531	0.010345689952373505	1.6066103428602219	1.0455310568213463
10	4	1	500	633	0.8910729885101318	0.010838739573955536	1.179463654756546	0.03374478965997696
10	4	1	500	554	0.5720820501446724	0.01068374514579773	1.439298652112484	0.009979791939258575
10	4	1	500	607	0.6037452071905136	0.010822832584381104	1.7494316548109055	0.013296067714691162
10	4	1	500	623	0.6220076978206635	0.01094074547290802	1.024286262691021	0.0064373984932899475
10	4	1	500	606	0.5373760759830475	0.009458109736442566	1.314002349972725	0.022332847118377686
10	4	1	500	586	0.6005553007125854	0.010220400989055634	1.0050714239478111	0.02444148063659668
10	4	1	500	627	0.8739031255245209	0.011673077940940857	1.8149462714791298	0.008434288203716278
10	4	1	500	604	0.8852615505456924	0.009847909212112427	1.6340997964143753	0.01394728571176529
10	4	1	500	636	0.6318150237202644	0.01070404052734375	1.706285372376442	0.013887330889701843
10	4	1	500	592	0.6004439145326614	0.011624768376350403	2.0584525391459465	0.009412050247192383
10	4	1	500	581	0.5857103914022446	0.011158943176269531	1.0567108765244484	0.006417453289031982
10	4	1	500	567	0.5842990577220917	0.010333724319934845	1.5884487330913544	0.014165252447128296
10	4	1	500	533	0.5994202643632889	0.010115765035152435	1.0218071714043617	0.007674068212509155
10	4	1	500	487	0.5751856118440628	0.008754655718803406	1.2622242644429207	0.0038829073309898376
10	4	1	500	553	0.6074460446834564	0.010204128921031952	1.276681326329708	0.00756603479385376
10	4	1	500	454	0.5822081044316292	0.00866786390542984	1.1174765899777412	0.003629446029663086
10	4	1	500	487	0.6008294969797134	0.009403795003890991	0.9818019196391106	0.007642216980457306
10	4	1	500	614	0.8852952048182487	0.010983124375343323	1.8091013804078102	0.0059513673186302185
10	4	1	500	515	0.597247838973999	0.01055896282196045	0.9548310711979866	0.007671281695365906
10	4	1	500	620	2.725027285516262	0.012042269110679626	1.090735211968422	0.016748860478401184
10	4	1	500	611	0.6204643845558167	0.011886976659297943	1.6630480140447617	0.012208707630634308
10	4	1	500	586	0.8756656795740128	0.010114006698131561	1.0987196192145348	0.007132016122341156
10	4	1	500	609	2.649671733379364	0.010177209973335266	1.0773600563406944	0.003775261342525482
10	4	1	500	597	0.6004079431295395	0.010384291410446167	1.1445535570383072	0.007725991308689117
10	4	1	500	571	2.703930154442787	0.011809147894382477	1.1117933243513107	0.007660023868083954
10	4	1	500	538	0.8677143678069115	0.011094130575656891	2.222905844449997	11.676130287349224
10	4	1	500	549	0.6138717383146286	0.010651133954524994	1.1830467507243156	0.0037522166967391968
10	4	1	500	538	0.6039355769753456	0.010197557508945465	1.5566122233867645	0.011276453733444214
10	4	1	500	449	0.30472736060619354	0.0085262730717659	1.0606202483177185	0.00413687527179718
10	4	1	500	581	0.6223574131727219	0.009550683200359344	1.1198861449956894	0.013161450624465942
10	4	1	500	481	0.576619915664196	0.01003207266330719	1.332093633711338	0.5629424601793289
10	4	1	500	455	0.5861447155475616	0.009036511182785034	1.9440153688192368	5.292849592864513
10	4	1	500	600	1.1475314125418663	0.009889885783195496	1.0677831396460533	0.012647904455661774
10	4	1	500	446	0.311475545167923	0.00805336982011795	1.213774248957634	0.004464253783226013
10	4	1	500	465	2.7238272801041603	0.010093413293361664	1.849618874490261	0.3442830815911293
10	4	1	500	549	0.5902452245354652	0.010114029049873352	1.4969038665294647	0.38455434143543243
10	4	1	500	545	0.5818336978554726	0.012128457427024841	2.201621450483799	2.743484914302826
10	4	1	500	477	0.5767503455281258	0.008107326924800873	1.4537849202752113	0.27532733231782913
10	4	1	500	424	0.5926943942904472	0.009056329727172852	1.2095622345805168	0.12422315776348114
10	4	1	500	492	0.5623488798737526	0.00930846482515335	1.072613701224327	0.007426463067531586
10	4	1	500	626	0.5407216623425484	0.009852640330791473	1.009924091398716	0.007859624922275543
10	4	1	500	549	0.8602189645171165	0.011337369680404663	2.4675147607922554	1.0533140003681183
10	4	1	500	464	0.5810000449419022	0.008874848484992981	1.1509696245193481	0.06747637689113617
10	4	1	500	571	2.716739922761917	0.011092543601989746	1.7275317311286926	0.009897753596305847
10	4	1	500	558	0.8709419071674347	0.010835744440555573	2.196849949657917	2.064701557159424
10	4	1	500	601	2.6542954221367836	0.012229666113853455	1.130159430205822	0.01602465659379959
10	4	1	500	509	0.6102887764573097	0.010782361030578613	1.2518733069300652	0.009777717292308807
10	4	1	500	518	0.8136580362915993	0.009729892015457153	2.033698447048664	3.450565420091152
10	4	1	500	617	0.8648354038596153	0.010601922869682312	1.6197238862514496	0.020476892590522766
10	4	1	500	564	2.542027346789837	0.010188363492488861	1.3619048669934273	0.01243177056312561
10	4	1	500	440	0.30525773018598557	0.007022202014923096	0.9697052091360092	0.001740679144859314
10	4	1	500	605	0.57237908244133	0.011963903903961182	1.489357091486454	0.009974002838134766
10	4	1	500	611	0.606172725558281	0.011082589626312256	0.9740711972117424	0.008128918707370758
10	4	1	500	632	2.4711228609085083	0.010710492730140686	1.0991073548793793	0.019664600491523743
10	4	1	500	606	2.5370484739542007	0.012170158326625824	1.1740194857120514	0.013902723789215088
10	4	1	500	561	0.6127934902906418	0.010011747479438782	1.2689943388104439	0.01234406977891922
10	4	1	500	633	0.5565950348973274	0.01089894026517868	1.1341499164700508	0.016362793743610382
10	4	1	500	445	0.31312447786331177	0.007884770631790161	0.9080465510487556	0.004045039415359497
10	4	1	500	619	0.6257646828889847	0.009666405618190765	1.3602460324764252	0.019532933831214905
10	4	1	500	521	0.6050123572349548	0.010510154068470001	1.9715095832943916	0.09326010197401047
10	4	1	500	574	0.6110380664467812	0.010389164090156555	1.2219390124082565	0.013158522546291351
10	4	1	500	601	0.6141801476478577	0.0120578333735466	1.2020853087306023	0.0084771066904068
10	4	1	500	447	0.27928227186203003	0.006997786462306976	0.8722314015030861	0.003361232578754425
10	4	1	500	572	0.6119538396596909	0.013571783900260925	1.5955471768975258	0.01395539939403534
10	4	1	500	557	0.6052270755171776	0.011282578110694885	1.5803567916154861	0.11263321340084076
10	4	1	500	568	2.715325467288494	0.012206055223941803	2.0126597955822945	0.020663894712924957
10	4	1	500	531	0.6034805849194527	0.010952889919281006	1.0033559054136276	0.0037939250469207764
10	4	1	500	467	0.588450014591217	0.010134860873222351	1.0719473659992218	0.00362599641084671
10	4	1	500	583	0.5975906848907471	0.011008031666278839	0.996557243168354	0.007513508200645447
10	4	1	500	502	0.5831443071365356	0.01192782074213028	1.192282296717167	0.2306637242436409
10	4	1	500	547	0.6155851036310196	0.01223321259021759	1.5342343896627426	0.0130043625831604
10	4	1	500	433	0.8588505685329437	0.010848090052604675	1.7928385585546494	1.9915454015135765
10	4	1	500	644	2.719527415931225	0.01027604192495346	1.0707596093416214	0.012966975569725037
10	4	1	500	583	0.6037327572703362	0.009883105754852295	1.2566072940826416	0.009945996105670929
10	4	1	500	533	0.598191924393177	0.010252736508846283	2.342968538403511	2.1989024206995964
10	4	1	500	595	0.8839862644672394	0.010276906192302704	1.0628135725855827	0.014633066952228546
10	4	1	500	629	0.6219516769051552	0.012641899287700653	1.4232493191957474	0.012923389673233032
10	4	1	500	576	0.5974473133683205	0.01060204952955246	1.669504664838314	0.009208358824253082
10	4	1	500	617	0.6149245798587799	0.010593228042125702	1.0222095474600792	0.003790460526943207
10	4	1	500	451	0.31834574043750763	0.009602390229701996	1.0031010136008263	0.001892000436782837
10	4	1	500	536	0.6038606911897659	0.009728096425533295	1.0926796272397041	0.0038044601678848267
10	4	1	500	635	2.6842459589242935	0.0112527534365654	1.129980981349945	0.007633328437805176
10	4	1	500	604	0.8349202647805214	0.010506652295589447	1.165367916226387	0.00998714566230774
10	4	1	500	554	0.6039471626281738	0.010723486542701721	0.9312377572059631	0.005553647875785828
10	4	1	500	491	0.5897929146885872	0.009882450103759766	0.9638193920254707	0.007346056401729584
10	4	1	500	538	0.5970639586448669	0.011270761489868164	2.098904997110367	0.8880708962678909
10	4	1	500	547	0.6031592562794685	0.010544732213020325	1.749378576874733	0.19541116803884506
10	4	1	500	627	2.7198237106204033	0.012080676853656769	1.1604624390602112	0.029486462473869324
10	4	1	500	453	0.31373435258865356	0.00791320949792862	1.0071983709931374	0.0036101415753364563
10	4	1	500	564	0.8719891160726547	0.010002478957176208	1.5285814478993416	0.13079148530960083
10	4	1	500	464	0.6070679277181625	0.008757136762142181	1.0357860028743744	0.013972155749797821
10	4	1	500	624	2.655091643333435	0.010717310011386871	1.6589010879397392	0.014406651258468628
10	4	1	500	395	0.5761632844805717	0.00743856281042099	1.0798877254128456	0.06601594388484955
10	4	1	500	542	0.6018326506018639	0.009572423994541168	1.4691172912716866	0.10496311634778976
10	4	1	500	557	0.6062504723668098	0.011236332356929779	1.5738077238202095	0.007936373353004456
10	4	1	500	453	0.28450699895620346	0.008113577961921692	1.2545684576034546	0.00951559841632843
10	4	1	500	608	0.8927703946828842	0.011216774582862854	0.945272870361805	0.005594111979007721
10	4	1	500	559	2.7028378695249557	0.01031273603439331	2.1692373156547546	1.1095581948757172
10	4	1	500	542	0.6033295467495918	0.011007457971572876	2.319943703711033	13.689043678343296
10	4	1	500	614	0.6168805360794067	0.010094456374645233	1.2163541987538338	0.0076543837785720825
10	4	1	500	498	0.6070501953363419	0.01154424250125885	1.7361133769154549	1.0376334562897682
10	4	1	500	629	0.8726725429296494	0.012671194970607758	1.0548433884978294	0.01266566663980484
10	4	1	500	559	0.6045498847961426	0.011598467826843262	1.013723760843277	0.003379911184310913
10	4	1	500	453	0.3136409968137741	0.00900433212518692	1.365575149655342	0.007474228739738464
10	4	1	500	602	0.8797072693705559	0.011181637644767761	1.484582006931305	0.011639103293418884
10	4	1	500	600	2.709434673190117	0.010296277701854706	1.6114539429545403	0.014254525303840637
10	4	1	500	597	0.8627661094069481	0.010457158088684082	1.5833355784416199	0.015217997133731842
10	4	1	500	582	0.6094313189387321	0.010707199573516846	1.0555937066674232	0.008401438593864441
10	4	1	500	554	0.5878081619739532	0.010476693511009216	1.8549416065216064	0.009010277688503265
10	4	1	500	613	2.674504056572914	0.010758452117443085	1.0416711047291756	0.09361125528812408
10	4	1	500	618	0.8897533044219017	0.011309683322906494	1.1464046761393547	0.01682668924331665
10	4	1	500	541	0.6060997843742371	0.009769834578037262	0.8921708464622498	0.0063580796122550964
10	4	1	500	530	0.6069707572460175	0.011327311396598816	1.8155701234936714	0.11153100430965424
10	4	1	500	451	0.5962231829762459	0.008466832339763641	1.2136356085538864	0.010175324976444244
10	4	1	500	485	0.5897976085543633	0.010946221649646759	1.434359036386013	0.36978334933519363
10	4	1	500	613	0.8787064477801323	0.0117783322930336	1.508584812283516	0.008699797093868256
10	4	1	500	518	0.5842130705714226	0.009331367909908295	1.8030752465128899	0.6243412792682648
10	4	1	500	457	0.5883120000362396	0.008838817477226257	1.1265147924423218	0.01212456077337265
10	4	1	500	624	0.8833571076393127	0.011689290404319763	1.9697055593132973	0.017064273357391357
10	4	1	500	572	0.6189012825489044	0.010764263570308685	1.3837964534759521	0.09514551609754562
10	4	1	500	596	0.5478469058871269	0.010388650000095367	1.620570346713066	0.0052207037806510925
10	4	1	500	563	0.6086870208382607	0.010482549667358398	1.7781856879591942	0.012349188327789307
10	4	1	500	566	0.6086250022053719	0.010160930454730988	1.475271612405777	0.014075972139835358
10	4	1	500	601	2.7529045939445496	0.011169716715812683	1.5336669832468033	0.01383838802576065
10	4	1	500	459	2.622106410562992	0.007746540009975433	1.2392307594418526	0.008214272558689117
10	4	1	500	629	2.7760057598352432	0.011276617646217346	1.6903649345040321	0.014513589441776276
10	4	1	500	507	0.5892381742596626	0.009775854647159576	1.444104254245758	0.37646958976984024
10	4	1	500	459	0.5830990076065063	0.008643537759780884	1.2240393832325935	0.008524253964424133
10	4	1	500	555	2.682088240981102	0.009395599365234375	1.8814393356442451	0.6331867724657059
10	4	1	500	493	0.5731354579329491	0.009217515587806702	1.0514320135116577	0.006622523069381714
10	4	1	500	561	0.6021670997142792	0.010840773582458496	1.7837945148348808	0.009961284697055817
10	4	1	500	616	2.6767796725034714	0.009564682841300964	0.9703364074230194	0.013876497745513916
10	4	1	500	534	0.5966865718364716	0.010084278881549835	2.003458209335804	1.4623251929879189
10	4	1	500	543	0.5879306346178055	0.009547337889671326	1.7548456192016602	0.1920321360230446
10	4	1	500	552	0.6019961163401604	0.010088026523590088	1.4961667880415916	0.10996703803539276
10	4	1	500	626	0.6199696958065033	0.012073956429958344	1.5275069698691368	0.005636595189571381
10	4	1	500	608	0.8871904164552689	0.010471105575561523	1.6306491792201996	0.01489344984292984
10	4	1	500	590	0.6111850365996361	0.010910950601100922	2.053138755261898	0.009223073720932007
10	4	1	500	368	2.521062381565571	0.007781088352203369	1.0441841408610344	0.0037693679332733154
10	4	1	500	628	0.8849473372101784	0.010982103645801544	1.610571451485157	0.0139847993850708
10	4	1	500	529	0.5993926376104355	0.010682538151741028	2.557614639401436	13.227085791528225
10	4	1	500	619	2.6409912407398224	0.010003350675106049	1.8617760688066483	0.008364111185073853
10	4	1	500	542	0.8523028492927551	0.009999796748161316	1.4187348559498787	0.012465938925743103
10	4	1	500	571	0.6007095351815224	0.0098319873213768	1.1400751397013664	0.009745962917804718
10	4	1	500	423	0.5262382552027702	0.00816810131072998	1.7722799479961395	0.509629026055336
10	4	1	500	461	0.5606918931007385	0.008765749633312225	1.043419025838375	0.00741036981344223
10	4	1	500	520	2.7148027420043945	0.009353697299957275	1.859362244606018	5.464287914335728
10	4	1	500	543	0.6001134291291237	0.009565778076648712	1.0902983397245407	0.0051661282777786255
10	4	1	500	588	0.6099380701780319	0.010616160929203033	1.099830724298954	0.007524870336055756
10	4	1	500	478	0.5959177762269974	0.008691847324371338	1.3877373933792114	0.0098118856549263
10	4	1	500	590	0.5990724861621857	0.00997820496559143	1.2253368869423866	0.0784943625330925
10	4	1	500	526	0.8653189539909363	0.008503638207912445	1.0557354763150215	0.012456074357032776
10	4	1	500	627	0.6158431172370911	0.010133452713489532	1.1202049553394318	0.009222567081451416
10	4	1	500	575	0.8691230341792107	0.011006087064743042	2.1487152501940727	0.3855426087975502
10	4	1	500	599	2.6997493281960487	0.010206684470176697	2.1197536289691925	0.1083621084690094
10	4	1	500	474	0.5834115073084831	0.009160317480564117	0.8933381214737892	0.003597065806388855
10	4	1	500	604	0.6125570386648178	0.010015115141868591	1.6030661910772324	0.013002537190914154
10	4	1	500	630	0.8786795511841774	0.01178073137998581	0.9780163988471031	0.02869456261396408
10	4	1	500	615	0.8783329352736473	0.01018282026052475	1.1402661576867104	0.019444100558757782
10	4	1	500	627	0.6166082099080086	0.010342754423618317	1.2171999141573906	0.010369352996349335
10	4	1	500	639	0.6192213445901871	0.010711826384067535	1.00640257447958	0.007870495319366455
10	4	1	500	623	0.6077184081077576	0.01043596863746643	0.8522013500332832	0.00968857854604721
10	4	1	500	627	2.528020203113556	0.011500239372253418	1.6502685025334358	0.015236079692840576
10	4	1	500	611	0.5794163942337036	0.010200373828411102	1.0905967578291893	0.003734394907951355
10	4	1	500	641	2.5606625005602837	0.01014775037765503	0.9989221096038818	0.014973878860473633
10	4	1	500	614	0.6180973201990128	0.01018301397562027	0.9673784673213959	0.014716163277626038
10	4	1	500	616	0.6146006807684898	0.01115734875202179	1.3134077936410904	0.01324792206287384
10	4	1	500	489	0.5202057212591171	0.008271411061286926	2.219321772456169	3.4234884679317474
10	4	1	500	475	0.583286240696907	0.008878014981746674	1.3097730576992035	0.004504688084125519
10	4	1	500	453	0.8815612494945526	0.008140996098518372	1.4944400414824486	0.15608618408441544
10	4	1	500	621	0.8856601417064667	0.011238984763622284	1.1771081686019897	0.015353456139564514
10	4	1	500	590	2.6975015848875046	0.01164855808019638	1.3652813509106636	0.00654052197933197
10	4	1	500	460	0.5794994607567787	0.00833190232515335	1.2780615836381912	0.13915124535560608
10	4	1	500	455	0.8586144670844078	0.00972834974527359	2.0145407393574715	0.3577280342578888
10	4	1	500	557	0.8532727211713791	0.011717766523361206	2.124311774969101	0.39819277077913284
10	4	1	500	556	2.6749162077903748	0.009354740381240845	1.398739255964756	0.009836189448833466
10	4	1	500	620	0.6184657588601112	0.010366804897785187	1.6097022518515587	0.01039499044418335
10	4	1	500	620	0.6149584800004959	0.012222692370414734	0.9570422172546387	0.009705223143100739
10	4	1	500	483	0.5804613009095192	0.009480446577072144	1.500334270298481	0.292206846177578
10	4	1	500	556	0.6093170046806335	0.010634295642375946	1.4355207160115242	0.008703529834747314
10	4	1	500	522	2.617433086037636	0.010181553661823273	1.6395834907889366	1.8315788432955742
10	4	1	500	575	0.6096414402127266	0.009695209562778473	1.1206549182534218	0.007514946162700653
10	4	1	500	528	0.599151499569416	0.009385839104652405	1.0472623854875565	0.04862487316131592
10	4	1	500	546	0.6056239977478981	0.010459929704666138	1.0574830025434494	0.0064988210797309875
10	4	1	500	510	0.6076235100626945	0.009931735694408417	1.105677768588066	0.006211675703525543
10	4	1	500	577	0.6080680713057518	0.010830648243427277	1.1210800856351852	0.012597180902957916
10	4	1	500	608	0.6230740621685982	0.01011645793914795	1.1324967741966248	0.017571069300174713
10	4	1	500	482	0.5969449579715729	0.010928384959697723	1.7197566032409668	1.1783743128180504
10	4	1	500	465	0.5894952267408371	0.00853380560874939	1.150818943977356	0.11054857820272446
10	4	1	500	521	0.587506003677845	0.010305427014827728	1.13718281686306	0.003907628357410431
10	4	1	500	573	2.7328745424747467	0.009507223963737488	1.1658204942941666	0.009919710457324982
10	4	1	500	461	0.5612467527389526	0.008908838033676147	1.2383219227194786	0.007544189691543579
10	4	1	500	623	2.724730610847473	0.009603902697563171	0.9764533489942551	0.007421895861625671
10	4	1	500	562	2.653522990643978	0.008613832294940948	1.6142381131649017	0.08949539810419083
10	4	1	500	595	0.6099385246634483	0.010687224566936493	0.9593813866376877	0.007222883403301239
10	4	1	500	544	0.6007521077990532	0.0104905366897583	1.9315606579184532	0.36773090809583664
10	4	1	500	525	0.5242561027407646	0.00787866860628128	0.9497846364974976	0.005744472146034241
10	4	1	500	563	0.6091543883085251	0.010273806750774384	1.1171563044190407	0.00373096764087677
10	4	1	500	422	0.5943955034017563	0.008645661175251007	1.7953750118613243	1.0323425829410553
10	4	1	500	532	0.5709102675318718	0.00956398993730545	1.368445247411728	0.2662573531270027
10	4	1	500	617	0.5534110143780708	0.010674439370632172	1.0930369049310684	0.049859389662742615
10	4	1	500	610	0.6086740642786026	0.010031022131443024	1.1487357690930367	0.012591496109962463
10	4	1	500	595	0.6179761216044426	0.00992487370967865	0.907440185546875	0.020912781357765198
10	4	1	500	629	0.6186259016394615	0.010745830833911896	1.0643519014120102	0.009283959865570068
10	4	1	500	577	0.5985638424754143	0.010735228657722473	1.0983555018901825	0.007680788636207581
10	4	1	500	584	0.5696210861206055	0.009897805750370026	1.4191477075219154	0.007605649530887604
10	4	1	500	650	2.7239934131503105	0.011708386242389679	1.1002121344208717	0.007737599313259125
10	4	1	500	374	2.6009536683559418	0.007317572832107544	1.0728964358568192	0.06530057638883591
10	4	1	500	593	0.8794207498431206	0.010881781578063965	1.698224425315857	0.006588689982891083
10	4	1	500	496	0.5891455411911011	0.00937940925359726	1.353175938129425	0.9903583973646164
10	4	1	500	590	0.610482931137085	0.011462226510047913	1.738834872841835	0.009674787521362305
10	4	1	500	594	0.6136308908462524	0.010986924171447754	1.1086173951625824	0.009919777512550354
10	4	1	500	617	0.883064940571785	0.011423803865909576	1.1609831675887108	0.012352563440799713
10	4	1	500	631	2.6132707446813583	0.01033046841621399	1.072672262787819	0.015071570873260498
10	4	1	500	508	0.5987280383706093	0.009911343455314636	2.07476270198822	2.840997703373432
10	4	1	500	454	0.5204436480998993	0.0072526633739471436	1.199322946369648	0.0034822002053260803
10	4	1	500	606	2.6197939664125443	0.010453939437866211	2.0830544531345367	0.0054885149002075195
10	4	1	500	567	0.6045018509030342	0.009925015270709991	1.0988183096051216	0.003822430968284607
10	4	1	500	519	0.5839009135961533	0.00918617844581604	0.9358471110463142	0.006102710962295532
10	4	1	500	523	0.8655748590826988	0.00948188453912735	1.22201456874609	0.012112759053707123
10	4	1	500	478	0.6026210486888885	0.0096530020236969	1.391815923154354	0.005859583616256714
10	4	1	500	514	0.5340776294469833	0.008431747555732727	1.5202644392848015	0.4700859785079956
10	4	1	500	554	0.8233093470335007	0.008765950798988342	1.2972538694739342	0.013813599944114685
10	4	1	500	570	0.6035415083169937	0.009267516434192657	1.162248857319355	0.0072290971875190735
10	4	1	500	551	0.5919046625494957	0.009735748171806335	1.7310025319457054	0.014445260167121887
10	4	1	500	567	0.6142544373869896	0.009486913681030273	1.2534148693084717	0.015543341636657715
10	4	1	500	562	0.6031713783740997	0.009655572474002838	1.1066874340176582	0.010092705488204956
10	4	1	500	502	0.5864328742027283	0.009366780519485474	1.6902445033192635	0.8928078785538673
10	4	1	500	522	0.8547907173633575	0.01107008010149002	2.2722027972340584	3.2997698858380318
10	4	1	500	590	0.6107772290706635	0.011059962213039398	1.3949659615755081	0.009000174701213837
10	4	1	500	602	2.697772115468979	0.011417701840400696	1.1214139759540558	0.018582701683044434
10	4	1	500	539	2.64903661608696	0.00981864333152771	1.7619629427790642	0.008459344506263733
