10	2	1	500	529	2.949744572979398	0.010240770992822945	1.2186065719870385	0.011356817005435005
10	2	1	500	508	3.0055054489930626	0.009770667005795985	0.946578175004106	0.004124859988223761
10	2	1	500	518	2.735743369004922	0.009848568995948881	1.196345816977555	0.11330106301466003
10	2	1	500	515	2.9637268390215468	0.008833156985929236	1.4089539440174121	0.00512971100397408
10	2	1	500	420	2.9785393429920077	0.008225680998293683	1.1193587929883506	0.007826485991245136
10	2	1	500	515	3.034916062024422	0.009525677014607936	1.3178717429982498	0.10608150300686248
10	2	1	500	479	3.0302704430068843	0.008248269994510338	1.4415070279792417	0.42089006898459047
10	2	1	500	506	2.995326150994515	0.009550957009196281	1.612081994971959	0.005412569997133687
10	2	1	500	418	4.188418882986298	0.008429645997239277	1.5723859259742312	0.009866469976259395
10	2	1	500	527	2.9638290019938722	0.008538360008969903	1.233761918003438	0.007903284014901146
10	2	1	500	526	3.0199717129871715	0.009755834995303303	1.1369192410202231	0.012970727984793484
10	2	1	500	470	2.9997270479798317	0.00911143998382613	1.0912042759882752	0.012331128004007041
10	2	1	500	487	2.9756486929836683	0.008205330988857895	0.8733414690068457	0.0068055400042794645
10	2	1	500	461	2.9192303869931493	0.008736138988751918	1.113565997016849	0.007565834996057674
10	2	1	500	437	2.964646142994752	0.00850797799648717	1.014640651002992	0.009701316012069583
10	2	1	500	474	2.9811924989917316	0.009016272990265861	1.530004505009856	0.011529607989359647
10	2	1	500	469	2.9190978090045974	0.008799715986242518	1.1285140839754604	0.045291474991245195
10	2	1	500	520	3.0077961799979676	0.00966501099173911	1.0182132239860948	0.0071805790066719055
10	2	1	500	532	2.982372122001834	0.00952361398958601	1.1871098179835826	0.007901725999545306
10	2	1	500	448	1.58586104598362	0.008029813005123287	0.93660121501307	0.00437416901695542
10	2	1	500	429	2.996022586012259	0.008193333982490003	0.9475825900153723	0.009819751983741298
10	2	1	500	513	2.9486331029911526	0.008528442995157093	1.1422297810204327	0.11915336200036108
10	2	1	500	513	2.9994511230033822	0.00950644101249054	1.0390737839916255	0.0077006669889669865
10	2	1	500	536	2.9902372699871194	0.008645911002531648	0.9840662000060547	0.006913256016559899
10	2	1	500	541	2.96261797301122	0.009011765010654926	0.9057180400122888	0.011228804010897875
10	2	1	500	471	2.9187559809943195	0.008552425017114729	1.220159134012647	0.011595824005780742
10	2	1	500	519	3.0180460269912146	0.009720988979097456	1.0100245130015537	0.003781906998483464
10	2	1	500	435	2.9883252869767603	0.008352358010597527	1.2197321520070545	0.00332565198186785
10	2	1	500	473	2.9481738379981834	0.008647794980788603	1.2881760880118236	0.11996840802021325
10	2	1	500	441	1.5852910160028841	0.011521940992679447	1.0005554539966397	0.007620149001013488
10	2	1	500	421	2.9705820300150663	0.00823649499216117	1.1656549539766274	0.01138349698157981
10	2	1	500	436	1.5611587909806985	0.008617083978606388	1.0332514680048916	0.0037633629981428385
10	2	1	500	512	3.0212262280110735	0.009593650989700109	1.6501301810203586	0.01305739299277775
10	2	1	500	502	2.809041732980404	0.008353259006980807	0.8293900059943553	0.006057163991499692
10	2	1	500	508	3.0189824560075067	0.009969712002202868	1.034220647008624	0.004939464997733012
10	2	1	500	461	3.0018403329886496	0.009186226001475006	1.0226382219989318	0.00371052700211294
10	2	1	500	488	2.94665191299282	0.009692576015368104	1.3520120610191952	0.12500353500945494
10	2	1	500	522	3.027676439989591	0.00935961099457927	1.3403233020217158	0.1634022049838677
10	2	1	500	518	3.0097116050019395	0.008679026999743655	1.5349098430015147	0.08857169299153611
10	2	1	500	475	3.0137156269920524	0.009084600023925304	1.1253400739806239	0.013459588983096182
10	2	1	500	523	3.0614673319796566	0.01001083801384084	0.9298959800216835	0.007168914016801864
10	2	1	500	511	2.901381139003206	0.008521537005435675	1.3355845939950086	0.24923788799787872
10	2	1	500	513	3.010764284990728	0.009642632998293266	1.6819355030311272	0.09885806002421305
10	2	1	500	518	3.0169133390008938	0.009587314998498186	0.8372618440189399	0.0059067870024591684
10	2	1	500	450	1.55560728898854	0.008649786992464215	1.025053718010895	0.0043293349735904485
10	2	1	500	506	2.9395174339879304	0.008540888025891036	1.0665211959858425	0.010353562014643103
10	2	1	500	521	3.02751831500791	0.010591983998892829	1.124599732022034	0.04477198701351881
10	2	1	500	480	2.946979343018029	0.009408834972418845	1.1675759839999955	0.09202836800250225
10	2	1	500	520	3.024263254017569	0.010208620020421222	0.9461869219958317	0.007667255005799234
10	2	1	500	544	3.0414022149925586	0.010508768988074735	1.1623488460027147	0.003827615990303457
10	2	1	500	529	2.981519174994901	0.009963236982002854	1.0543143849936314	0.009382058982737362
10	2	1	500	447	1.5791375770058949	0.007724159979261458	0.9329874659888446	0.003990004013758153
10	2	1	500	524	3.0023469229927287	0.010199216980254278	1.4431835119903553	0.12691674300003797
10	2	1	500	462	2.816101623000577	0.00908880797214806	1.4058226350171026	0.009925632999511436
10	2	1	500	501	2.987405374995433	0.009708169003715739	1.4781878369976766	0.048997559992130846
10	2	1	500	502	3.0152723530190997	0.009944958001142368	1.5278227819653694	0.009893448004731908
10	2	1	500	467	2.9554992740158923	0.011662618984701112	1.0970900730171707	0.004258461995050311
10	2	1	500	501	2.9724166079831775	0.009820072998991236	1.019998815987492	0.00789435999467969
10	2	1	500	494	2.997592132014688	0.009858448000159115	0.9847956570156384	0.008608370000729337
10	2	1	500	515	3.0022075430024415	0.010237255017273128	1.119370908010751	0.006480698008090258
10	2	1	500	509	3.0066371140128467	0.01009781999164261	1.448994133999804	0.006291074998443946
10	2	1	500	500	2.9756196080124937	0.010557378991506994	1.4805342839972582	0.042364699009340256
10	2	1	500	519	2.9505864109960385	0.009984007017919794	1.0711138079932425	0.007654387998627499
10	2	1	500	507	4.376215765980305	0.0100384549878072	1.0984508990077302	0.007677532994421199
10	2	1	500	486	2.9501784370222595	0.009571906994096935	1.0795541889965534	0.00766031100647524
10	2	1	500	382	2.8672025830019265	0.007310996006708592	1.165808236983139	0.07614418398588896
10	2	1	500	533	2.995991136005614	0.008819637994747609	0.8507076329842675	0.007179712003562599
10	2	1	500	454	1.584299769019708	0.008758898999076337	1.110845129005611	0.003744488989468664
10	2	1	500	494	2.985536621999927	0.009544428990921006	1.4056527169886976	0.05237362100160681
10	2	1	500	515	3.028442353999708	0.010051285004010424	1.2131614940008149	0.0061031869845464826
10	2	1	500	498	2.974078888015356	0.009840162005275488	1.5138455429987516	0.029557311005191877
10	2	1	500	497	2.9806615299894474	0.00988737100851722	1.4693784110131674	0.1394340260012541
10	2	1	500	520	3.031727732013678	0.010196654999163002	1.0278252119896933	0.003814791009062901
10	2	1	500	524	3.0106602839950938	0.009124350995989516	1.040179511968745	0.009379183000419289
10	2	1	500	525	3.004075102013303	0.01027176101342775	1.1918031170207541	0.006972761009819806
10	2	1	500	474	2.7999318600050174	0.008000391011592	1.1599447629996575	0.044059662002837285
10	2	1	500	448	1.57194567201077	0.008864637988153845	1.0702535969903693	0.008250779996160418
10	2	1	500	421	2.981547217001207	0.008648522984003648	1.0401044040045235	0.007576375006465241
10	2	1	500	512	3.0065600409870967	0.009029765002196655	1.0853013089799788	0.008390887000132352
10	2	1	500	520	3.0177271830034442	0.010024424991570413	0.9503355089982506	0.003458615014096722
10	2	1	500	514	2.9539824000094086	0.008869900979334489	1.0943563120090403	0.0038722220051568
10	2	1	500	500	2.9804331730119884	0.009965475997887552	1.5487771180050913	0.009194435988320038
10	2	1	500	519	3.025948373018764	0.010369316005380824	1.0742761800065637	0.00789024299592711
10	2	1	500	408	2.75461307700607	0.007459721004124731	1.0724477820040192	0.005692408012691885
10	2	1	500	488	2.9717518819961697	0.00973233298282139	1.3295556090015452	0.007630662992596626
10	2	1	500	413	2.957053399004508	0.008940674015320837	1.3345777810027357	0.00579855201067403
10	2	1	500	500	2.881499212991912	0.010302410984877497	0.9070192459912505	0.003484062006464228
10	2	1	500	455	2.884490555006778	0.008014313993044198	1.235650066024391	0.05093744900659658
10	2	1	500	518	3.026580511999782	0.01021439500618726	1.8343155559559818	0.007880126999225467
10	2	1	500	512	3.002990042004967	0.010601749992929399	1.210739100992214	0.09993170201778412
10	2	1	500	409	2.948775080993073	0.009020262979902327	1.3602808309660759	0.1280758710054215
10	2	1	500	545	3.0323634700034745	0.010407104971818626	0.9972197210008744	0.09723426899290644
10	2	1	500	522	4.294598612992559	0.0091155219997745	0.9873619540012442	0.0035737869911827147
10	2	1	500	506	3.0037462660111487	0.010060185013571754	1.1653059950331226	0.007828097004676238
10	2	1	500	504	12.91026308000437	0.01095610999618657	1.2696508649969473	0.16426587500609457
10	2	1	500	533	2.9395688270160463	0.00931213700096123	0.992442620015936	0.0074378050048835576
10	2	1	500	535	3.025561401998857	0.011041812016628683	1.3881831460166723	0.15601015399442986
10	2	1	500	499	2.943124280020129	0.008689236012287438	1.3626413909951225	0.010638947016559541
10	2	1	500	530	13.418991142010782	0.010185824008658528	0.9026268739835359	0.006984641979215667
10	2	1	500	448	1.5804931889870204	0.009110657993005589	1.0657323480118066	0.007631757005583495
10	2	1	500	496	2.963679503998719	0.010080253996420652	0.9395902630058117	0.004944941989379004
10	2	1	500	480	2.9196173640084453	0.009674685978097841	1.1915728530148044	0.11287112699938007
10	2	1	500	451	1.5747341260139365	0.00831506701069884	0.8886860710044857	0.003495633020065725
10	2	1	500	479	2.9603241890145	0.009712777973618358	1.2431710209930316	0.11259260098449886
10	2	1	500	484	2.9830173189984635	0.01001764097600244	1.2379331270058174	0.009884489001706243
10	2	1	500	519	3.0118740250181872	0.010847825004020706	1.380224074004218	0.007807582995155826
10	2	1	500	526	2.968738244002452	0.009135214000707492	1.1081088119826745	0.0069675970007665455
10	2	1	500	500	2.7974322850059252	0.008892871002899483	1.0975617329822853	0.007047035003779456
10	2	1	500	542	3.034853835008107	0.010564749012701213	1.0626989699958358	0.008012162987142801
10	2	1	500	463	2.92118674700032	0.00967895201756619	1.3789346750127152	0.1010332670120988
10	2	1	500	517	13.25667649100069	0.00977075399714522	0.9806424149719533	0.013152533007087186
10	2	1	500	445	1.5985136890085414	0.00890287000220269	0.9319739300117362	0.0019817370048258454
10	2	1	500	432	2.941393112996593	0.009768866992089897	1.294686044973787	0.7029138960060664
10	2	1	500	469	2.9353888369805645	0.00950505697983317	1.0857155350386165	0.046093838987872005
10	2	1	500	517	3.0178533820144366	0.010357983992435038	1.342079955007648	0.11773079499835148
10	2	1	500	468	3.0137193049886264	0.009626708022551611	1.3094798290112521	0.009837251011049375
10	2	1	500	526	3.0015497349959332	0.010579107009107247	1.1444813370180782	0.005874901020433754
10	2	1	500	531	3.0071988459967542	0.010666538000805303	0.9936074189899955	0.0087294050026685
10	2	1	500	519	2.9833240500011016	0.009145250980509445	1.0698550309753045	0.00766655700863339
10	2	1	500	475	2.9182116070005577	0.009844387997873127	1.2066794879792724	0.3096072050102521
10	2	1	500	477	2.907323114981409	0.009654745022999123	1.3908512470370624	0.44976960599888116
10	2	1	500	524	3.0243509169958998	0.010561306989984587	1.652728124987334	0.007714232022408396
10	2	1	500	387	2.9481106149905827	0.008614733000285923	1.0540794460102916	0.0057507499877829105
10	2	1	500	537	13.313211281987606	0.009392868989380077	1.0951181759883184	0.02422950099571608
10	2	1	500	499	3.028919536009198	0.01033042700146325	1.4248036830103956	0.3954530129849445
10	2	1	500	501	2.9547892750124447	0.008937672013416886	1.372332266997546	0.005664762982632965
10	2	1	500	433	2.9395654060062952	0.009271867020288482	1.2045106650039088	0.10801373401773162
10	2	1	500	511	3.0267719689873047	0.010203458979958668	1.5619758729881141	0.05915367600391619
10	2	1	500	517	3.0205167579988483	0.010583435010630637	0.9933837130083703	0.00337957899319008
10	2	1	500	533	2.9930045869841706	0.009677746013039723	0.9726915020146407	0.011360149015672505
10	2	1	500	521	2.983693382004276	0.010447862005094066	1.2079868000000715	0.08721729798708111
10	2	1	500	531	2.882989030011231	0.009284294996177778	1.360325425019255	0.1027031630219426
10	2	1	500	475	2.9448234000010416	0.009845954016782343	1.439822851010831	0.3122921040048823
10	2	1	500	480	2.981483637006022	0.009933280991390347	1.424814094993053	0.008549877005862072
10	2	1	500	495	3.010330254008295	0.010616980987833813	1.3207259800110478	0.012310559017350897
10	2	1	500	508	2.9791324269899633	0.011019668978406116	1.3009335690294392	0.06534113001544029
10	2	1	500	458	2.933563807979226	0.009942470001988113	1.1013199689914472	0.06035183899803087
10	2	1	500	526	3.038098650984466	0.010587213007966056	0.9745902339927852	0.0034411549859214574
10	2	1	500	537	3.051248294999823	0.011195853992830962	1.1823012610257138	0.007905945996753871
10	2	1	500	525	3.0227828419883735	0.01082350398064591	0.957651329023065	0.008512365981005132
10	2	1	500	525	2.6499519819917623	0.00920758699066937	0.8842901040043216	0.004065693006850779
10	2	1	500	523	3.039826202002587	0.010846113989828154	1.048189456021646	0.006526582001242787
10	2	1	500	509	3.0216200739960186	0.010320810019038618	1.8070372930087615	0.00779899099143222
10	2	1	500	414	2.891864725999767	0.008911678014555946	1.1711865439719986	0.39823955099564046
10	2	1	500	505	3.002200843009632	0.010357576014939696	1.1066485909977928	0.007646290003322065
10	2	1	500	509	3.006646625988651	0.010274765023496002	1.4070876059995499	0.006435535004129633
10	2	1	500	512	3.014902943978086	0.010892313002841547	1.3282823960180394	0.009909016982419416
10	2	1	500	521	3.015774937986862	0.01050721199135296	1.2331030369969085	0.007810643000993878
10	2	1	500	493	2.975395816989476	0.00959896098356694	1.0131254920270294	0.005465290014399216
10	2	1	500	518	3.0184511530096643	0.009888189000776038	1.022333675995469	0.003685087984194979
10	2	1	500	517	2.98500569499447	0.009976793982787058	1.2222397499717772	0.07679054699838161
10	2	1	500	452	2.8945496279920917	0.00787860099808313	1.0158571369829588	0.0037405600014608353
10	2	1	500	460	1.5784081899910234	0.00782569099101238	1.2155191590136383	0.01021483598742634
10	2	1	500	456	2.926760562986601	0.008806948986602947	1.0772189289855305	0.003849890985293314
10	2	1	500	512	3.004482882999582	0.009766900999238715	1.0667029170144815	0.008019073982723057
10	2	1	500	518	3.0209289269987494	0.010260785988066345	1.209667618968524	0.14122487299027853
10	2	1	500	528	3.0237429050030187	0.011690535000525415	1.0294684669934213	0.007391029997961596
10	2	1	500	509	3.0175573080196045	0.009678715985501185	1.2769318890059367	0.007892075984273106
10	2	1	500	511	4.3327215450117365	0.010599058005027473	1.0610890000243671	0.009999052010243759
10	2	1	500	467	2.9430384210136253	0.009175729006528854	1.4063582560047507	0.5939919910160825
10	2	1	500	445	1.5774835220072418	0.008582779002608731	0.9422387289814651	0.0042172810062766075
10	2	1	500	532	3.026441969006555	0.010110906005138531	1.1348949740058742	0.003763773012906313
10	2	1	500	496	2.973242972017033	0.009924548998242244	1.2155630720080808	0.00784613998257555
10	2	1	500	523	3.218964061990846	0.010050137003418058	1.1210543849738315	0.007772056997055188
10	2	1	500	477	2.9449423359765206	0.009157780004898086	1.184867531992495	0.05819716598489322
10	2	1	500	527	3.0231185930024367	0.009954045002814382	1.1926616270211525	0.007632649008883163
10	2	1	500	504	2.9698109079909045	0.009832812997046858	1.5310000269673765	0.009031919995322824
10	2	1	500	527	3.024160031985957	0.01068157801637426	0.9957111310213804	0.007033202011371031
10	2	1	500	513	2.8630171080003493	0.008839100017212331	1.1153515320038423	0.005794733006041497
10	2	1	500	447	1.583867942012148	0.008632662997115403	1.1866730709734838	0.00197527400450781
10	2	1	500	533	13.668048146995716	0.01018146297428757	1.3245990709983744	0.27164418098982424
10	2	1	500	481	2.963493571005529	0.009758551983395591	1.2210282649903093	0.2852730399754364
10	2	1	500	465	2.9070581039995886	0.00941005299682729	1.4072354419913609	0.06387718699988909
10	2	1	500	493	2.9595820660179015	0.009728389006340876	1.3847029760363512	0.11549358500633389
10	2	1	500	532	3.0175330500060227	0.010262499999953434	1.0955032930069137	0.008507043996360153
10	2	1	500	432	3.045335976028582	0.00874846798251383	1.0042241060291417	0.007557664008345455
10	2	1	500	521	4.258702299994184	0.009013796981889755	1.150537365989294	0.00798504802514799
10	2	1	500	513	3.00565427300171	0.009111716004554182	0.958907074003946	0.0034446770150680095
10	2	1	500	511	3.0047855770098977	0.01006485999096185	1.8652547399979085	0.007495892990846187
10	2	1	500	532	3.0168549669906497	0.010089643998071551	0.9707260270079132	0.021115541021572426
10	2	1	500	449	1.564847600995563	0.00877035697340034	1.229262644017581	0.003666368982521817
10	2	1	500	433	2.9545645590114873	0.008751935005420819	1.08247436300735	0.009471124008996412
10	2	1	500	462	2.8952542830083985	0.008263573021395132	1.0102102929959074	0.004667725006584078
10	2	1	500	449	1.5922537029837258	0.009044204984093085	0.9551091979956254	0.0036133230023551732
10	2	1	500	507	3.0188634210207965	0.010394733981229365	0.960336402989924	0.009845629014307633
10	2	1	500	513	3.015420676994836	0.010089772986248136	1.3099863969837315	0.0660413240257185
10	2	1	500	471	2.969650781014934	0.009512661985354498	1.665816488006385	0.12383576700813137
10	2	1	500	519	3.0110759800008964	0.01001115600229241	1.2970879960048478	0.12415740499272943
10	2	1	500	517	2.971320131997345	0.009044122998602688	1.160240911965957	0.07428419700590894
10	2	1	500	467	2.9108879120030906	0.00909593899268657	1.0428834939957596	0.0037388089986052364
10	2	1	500	452	1.5775378269900102	0.008884612005203962	1.0389270269952249	0.003669013996841386
10	2	1	500	486	2.936482278018957	0.009864833002211526	1.018481648992747	0.010113662021467462
10	2	1	500	458	1.6146097369783092	0.008991857001092285	1.2665588310046587	0.004073691990924999
10	2	1	500	462	2.9417780470103025	0.009052573994267732	1.5883368230133783	0.04231970099499449
10	2	1	500	420	13.003280634002294	0.00858408198109828	1.0737903970002662	0.006440365017624572
10	2	1	500	501	3.0128145259805024	0.01037644300959073	1.4938121839950327	0.11683796599390917
10	2	1	500	470	2.9440113169839606	0.009336849005194381	0.966830408986425	0.0069585469900630414
10	2	1	500	503	2.856899923994206	0.008713126997463405	1.3003117789921816	0.010922528017545119
10	2	1	500	441	1.5377033589757048	0.008934145997045562	1.1645198249898385	0.004254917992511764
10	2	1	500	523	2.9830778909963556	0.010134775977348909	1.0570482229813933	0.007554026000434533
10	2	1	500	481	2.9223580350226257	0.009782498003914952	1.3727599489502609	0.06031222501769662
10	2	1	500	509	3.006713924027281	0.010000666021369398	1.1357277990027796	0.0708588779962156
10	2	1	500	509	2.9788764389813878	0.009977710986277089	1.4696020480187144	0.010937402985291556
10	2	1	500	407	1.5480947690084577	0.008410310983890668	0.9275292739912402	0.007802631997037679
10	2	1	500	489	2.9932394479983486	0.010190783999860287	1.2236074410320725	0.1440082239860203
10	2	1	500	520	4.35226239199983	0.010158457997022197	1.1329155419953167	0.02403785998467356
10	2	1	500	514	3.2490419739915524	0.010345990012865514	1.331115859968122	0.13792234301217832
10	2	1	500	512	3.0197777099965606	0.010435689997393638	1.462160270952154	0.009257363009965047
10	2	1	500	501	2.984980801003985	0.010261382994940504	1.3187930019630585	0.007650020997971296
10	2	1	500	457	2.9170288809982594	0.009294585004681721	0.935955484979786	0.0033707510156091303
10	2	1	500	531	2.999277748982422	0.010368482006015256	0.9596306680177804	0.007634329987922683
10	2	1	500	525	3.0242786619928665	0.010230014013359323	1.0226918660046067	0.006310105993179604
10	2	1	500	497	2.940544035984203	0.009789648989681154	1.1118059340224136	0.09346566599560902
10	2	1	500	534	3.0387291770020965	0.010245225013932213	1.0867672380118165	0.007803084998158738
10	2	1	500	510	3.0199317799997516	0.010487936000572518	1.714029681053944	0.12076425598934293
10	2	1	500	461	2.9187431229802314	0.009368808008730412	1.3223165489907842	0.02702319499803707
10	2	1	500	461	1.5654246670019347	0.008526480000000447	1.2799080770346336	0.004316200996981934
10	2	1	500	519	3.030185383016942	0.010577311011729762	1.6820047149667516	0.06910951598547399
10	2	1	500	415	2.9727615500160027	0.008791528001893312	0.9062467330077197	0.009111110994126648
10	2	1	500	524	3.014390127005754	0.01025924101122655	1.0205933969991747	0.0037533580034505576
10	2	1	500	508	2.982359371992061	0.010238896997179836	1.132441999972798	0.006551145983394235
10	2	1	500	444	1.5756090270006098	0.008893165999324992	0.9810934020206332	0.0018929580110125244
10	2	1	500	531	3.0213251399982255	0.010478257026989013	1.437607839005068	0.004792779014678672
10	2	1	500	490	2.935319348005578	0.008752947993343696	1.021974061994115	0.015125998994335532
10	2	1	500	510	4.302841377997538	0.00919275899650529	1.616549925005529	0.15712765499483794
10	2	1	500	446	1.5575511990173254	0.009102167008677498	1.0192526080354583	0.005643730983138084
10	2	1	500	503	3.016149912000401	0.010226734972093254	1.2602249520132318	0.005781601998023689
10	2	1	500	450	1.5954059080104344	0.009047161001944914	0.9355164340231568	0.0036865150032099336
10	2	1	500	460	2.8906416289974004	0.009435473999474198	1.245490337983938	0.3960647030035034
10	2	1	500	513	2.9161967930267565	0.009107396996114403	1.0408726890163962	0.012466726009733975
10	2	1	500	538	3.015530290984316	0.010537000984186307	1.0204750180419069	0.024075965979136527
10	2	1	500	509	2.878741982014617	0.008955842989962548	0.9466887789603788	0.003458588005742058
10	2	1	500	533	3.010175650008023	0.010565005999524146	1.0520652830018662	0.007841198006644845
10	2	1	500	523	2.9977537709928583	0.010672789998352528	1.0406428150017746	0.007805939007084817
10	2	1	500	483	2.971260477002943	0.010065952985314652	1.419760636985302	0.007603258010931313
10	2	1	500	373	2.9011966440011747	0.008619714993983507	1.1293534610013012	0.2710754639992956
10	2	1	500	531	3.0096985120035242	0.010713110998040065	1.0035658199922182	0.11299834700184874
10	2	1	500	468	2.874644711992005	0.008508557977620512	1.0197601310210302	0.007812052994268015
10	2	1	500	484	2.9660716890066396	0.010314481012756005	1.2570139059971552	0.1383175939845387
10	2	1	500	524	3.0096775729907677	0.010844327014638111	1.2076502240088303	0.00971613297588192
10	2	1	500	417	2.979925296996953	0.00893965401337482	1.1883465179707855	0.00775315600913018
10	2	1	500	530	3.040164031990571	0.010419402009574696	1.359865759004606	0.13618637798936106
10	2	1	500	449	1.5781713330070488	0.009067303006304428	0.9701130639878102	0.005874275986570865
10	2	1	500	518	3.031000518007204	0.010960996005451307	1.1700216970057227	0.03777064100722782
10	2	1	500	504	2.9660743690037634	0.010234454006422311	1.0128896230016835	0.0070452440122608095
10	2	1	500	490	2.9369746829906944	0.01005275099305436	1.696310873987386	0.013619227014714852
10	2	1	500	506	2.990695863001747	0.010408551985165104	1.1533424020162784	0.007893886009696871
10	2	1	500	453	13.531034432991873	0.009473387995967641	1.0433611280168407	0.005837746983161196
10	2	1	500	444	1.5592907250102144	0.008995900017907843	1.1299463720060885	0.0043290790054015815
10	2	1	500	443	1.610953455005074	0.0087570009927731	0.9736418580287136	0.005473254015669227
10	2	1	500	518	3.012881810980616	0.010462239995831624	1.741865440068068	0.007748999982140958
10	2	1	500	455	2.995745851978427	0.009303356986492872	1.03543087199796	0.009668112004874274
10	2	1	500	509	3.0058496659912635	0.010472783993463963	0.9226341240282636	0.007921369018731639
10	2	1	500	452	2.9795070799882524	0.009547324007144198	1.1434450710075907	0.12699228202109225
10	2	1	500	377	2.8090159249841236	0.00858833099482581	0.9906350069795735	0.003628498991020024
10	2	1	500	503	3.010702768980991	0.010392770025646314	1.2115585140127223	0.007599444972584024
10	2	1	500	425	2.971679829992354	0.009069355990504846	1.321074757957831	0.07118890501442365
10	2	1	500	512	2.9959850879968144	0.010221992997685447	1.0902081420063041	0.00780818797647953
10	2	1	500	438	3.0098454440012574	0.009740095993038267	1.1474783080047928	0.005457963008666411
10	2	1	500	525	13.221075146022486	0.010501036973437294	1.1107194289797917	0.0069576789974235
10	2	1	500	462	2.983850988006452	0.009527487010927871	1.1264049089804757	0.009926135011482984
10	2	1	500	528	2.952189547009766	0.009359187999507412	1.1263978729839437	0.003599435993237421
10	2	1	500	518	3.0126035519933794	0.010474070004420355	1.1279018070199527	0.007819595019100234
10	2	1	500	436	2.9496333580173086	0.009185105009237304	1.0712758229929022	0.003772891010157764
10	2	1	500	479	2.990368567989208	0.010253613989334553	1.288247494987445	0.10069252800894901
10	2	1	500	501	3.012009781989036	0.0105378289881628	0.9623264290275984	0.010131677001481876
10	2	1	500	469	2.982397095998749	0.009864310995908454	1.3982854519563261	0.09480936001637019
10	2	1	500	448	12.671029686986003	0.008757047995459288	1.1681717439787462	0.0037405600014608353
10	2	1	500	518	3.0617635610105935	0.010899241984589025	1.1009204930160195	0.09964111100998707
10	2	1	500	494	2.9608516459993552	0.01026784599525854	1.5095555290172342	0.48893841699464247
10	2	1	500	489	2.6750747699989006	0.009040638018632308	1.019033052987652	0.007514589000493288
10	2	1	500	466	2.9356866940215696	0.009645504003856331	1.2123403709556442	0.04981627099914476
10	2	1	500	444	3.0019584149995353	0.009325277002062649	1.1114440060046036	0.009917766001308337
10	2	1	500	517	2.963758661004249	0.009253580996301025	1.069407057017088	0.007093594991602004
10	2	1	500	503	2.995943856978556	0.010405954992165789	1.1655694879882503	0.07651448698015884
10	2	1	500	513	2.984500210994156	0.009909098997013643	0.9830487179860938	0.007716874999459833
10	2	1	500	507	3.00389563900535	0.010225656005786732	0.9789649820013437	0.009478168009081855
10	2	1	500	476	2.999532554007601	0.008905589987989515	1.6058477519545704	0.009400687995366752
10	2	1	500	486	2.9615215430094395	0.009246622998034582	0.9896307069866452	0.010251219995552674
10	2	1	500	526	3.0113233760057483	0.010295365005731583	1.1288512659957632	0.007823957974324003
10	2	1	500	497	2.962244902999373	0.009368339000502601	0.9604537490231451	0.00810519399237819
10	2	1	500	453	1.6003003080259077	0.00878872800967656	1.0092286219878588	0.0043384109740145504
10	2	1	500	481	2.9456145589938387	0.00923200900433585	1.254555564984912	0.08347811800194904
10	2	1	500	445	2.952430978999473	0.008630370983155444	0.9909702249860857	0.00955787199200131
10	2	1	500	515	2.993490512977587	0.009668340993812308	1.1235304639849346	0.006367218011291698
10	2	1	500	485	2.9116002539813053	0.009207936003804207	1.1718025330046657	0.00708060001488775
10	2	1	500	534	3.023234780994244	0.009754375991178676	1.1667148580017965	0.007679208996705711
10	2	1	500	477	2.9241578959918115	0.00877685600426048	1.1497620700101834	0.0068470890109892935
10	2	1	500	540	3.010254555993015	0.009847522975178435	0.8474741399986669	0.007040419994154945
10	2	1	500	507	3.0058997650048696	0.009572451002895832	1.061624105030205	0.007906137005193159
10	2	1	500	454	2.9535241950070485	0.009078172995941713	1.1565952969831415	0.09349355401354842
10	2	1	500	347	12.616258914989885	0.007469495001714677	0.7894855180347804	0.08382889500353485
10	2	1	500	524	3.013255949015729	0.0099410800030455	0.9151381650008261	0.00719729601405561
10	2	1	500	438	2.983999934978783	0.008593028993345797	0.9669892679958139	0.007411978003801778
10	2	1	500	530	3.024581039993791	0.009990107006160542	1.3934520600305405	0.018544944003224373
10	2	1	500	425	2.9883511530060787	0.007718701992416754	1.022732510988135	0.008498591982061043
10	2	1	500	527	3.034391182998661	0.010146456013899297	1.5672250849893317	0.007699883979512379
10	2	1	500	480	2.9514405480003916	0.00899219000712037	1.2385249749931972	0.1016025060089305
10	2	1	500	520	3.0292480179923587	0.010057086998131126	0.886891359987203	0.003372960985871032
10	2	1	500	455	1.5800966420210898	0.008613737009000033	1.1248419620096684	0.003759620973141864
10	2	1	500	508	3.0257828639878426	0.009817069978453219	1.2099848599755205	0.04276814599870704
10	2	1	500	540	3.0005673599953298	0.010734298994066194	1.4523717570118606	0.009746907016960904
10	2	1	500	491	2.947771314997226	0.009416036016773432	0.9648761530115735	0.005355772998882458
10	2	1	500	482	3.029056738014333	0.009942795004462823	1.029669051989913	0.013500401983037591
10	2	1	500	511	2.991966005996801	0.008891977020539343	1.0448793819814455	0.007817395991878584
10	2	1	500	448	1.5700219559948891	0.008572430000640452	1.047038404009072	0.004230253980495036
10	2	1	500	530	3.0462169280217495	0.010116408026078716	1.0218992950103711	0.006982891994994134
10	2	1	500	511	2.921724183979677	0.008569751982577145	0.9234892849635798	0.007102312985807657
10	2	1	500	528	3.0295625510043465	0.009954507986549288	1.7121859349717852	0.009160164976492524
10	2	1	500	450	1.5810772000113502	0.008500758005538955	1.2457949740055483	0.004077750985743478
10	2	1	500	529	13.146451426990097	0.00893514699419029	0.8605538010015152	0.01004323098459281
10	2	1	500	514	3.001748246984789	0.008786118996795267	0.9377111489884555	0.00333354200120084
10	2	1	500	453	2.925067254982423	0.008454802999040112	0.9104411689913832	0.0037878589937463403
10	2	1	500	536	3.067393995996099	0.010109827999258414	1.1643438630271703	0.02409297798294574
10	2	1	500	511	2.998094958020374	0.008913361001759768	1.2385715970012825	0.011401798983570188
10	2	1	500	466	2.8763651110057253	0.008903984009521082	1.010679657018045	0.00575059000402689
10	2	1	500	509	2.949535799998557	0.010179108998272568	1.3083381290198304	0.005440145992906764
10	2	1	500	514	3.002511244994821	0.009916953014908358	1.0854625500214752	0.006521597009850666
10	2	1	500	534	2.9774367210047785	0.00913340799161233	1.0268466050038114	0.007118673005606979
10	2	1	500	519	3.028668122016825	0.010124836990144104	1.3966398939664941	0.08067710400791839
10	2	1	500	515	3.022269414999755	0.009878179000224918	1.0582302039838396	0.015595489996485412
10	2	1	500	518	3.0249421749904286	0.010337919025914744	1.0533651800069492	0.00650820299051702
10	2	1	500	525	3.0433188759780023	0.010414977004984394	1.288906197034521	0.006845698982942849
10	2	1	500	450	2.919686537992675	0.009108814992941916	1.1047308029956184	0.004627009009709582
10	2	1	500	505	3.012995349999983	0.010318057000404224	0.9313882940041367	0.007686104014283046
10	2	1	500	493	2.974266153003555	0.00956271999166347	0.9674421130330302	0.007600161014124751
10	2	1	500	505	3.017232132027857	0.0100985579774715	0.9062301639933139	0.005815348995383829
10	2	1	500	503	3.017129729996668	0.010030300007201731	1.1270613379892893	0.0069225629849825054
10	2	1	500	517	3.021642306004651	0.01065161102451384	1.1041858450043947	0.003825915016932413
10	2	1	500	526	3.025619757012464	0.010502883000299335	1.1640339180012234	0.007831709983292967
10	2	1	500	504	3.0276361189899035	0.010131941002327949	0.9358005349931773	0.0033504329912830144
10	2	1	500	521	2.994720168004278	0.010121005005203187	1.0911185390141327	0.005831574002513662
10	2	1	500	523	4.245392696000636	0.009026333020301536	1.098950691986829	0.007749740005237982
10	2	1	500	522	3.024531022994779	0.010152803995879367	1.1555307799717411	0.06778644499718212
10	2	1	500	533	2.966189480997855	0.008989494002889842	0.9056619529728778	0.007155772007536143
10	2	1	500	516	3.0121137090027332	0.010350542986998335	1.1518439739884343	0.08489514500251971
10	2	1	500	540	3.0341505949909333	0.010400328988907859	1.0132772999932058	0.007968480000272393
10	2	1	500	428	2.9829932159918826	0.009031747002154589	0.8764372279983945	0.009774579986697063
10	2	1	500	446	1.5744641639757901	0.0118614980019629	1.0731207790086046	0.0050109220028389245
10	2	1	500	511	2.999133912002435	0.010310384997865185	1.5947534610168077	0.013319257996045053
10	2	1	500	502	3.0280057349882554	0.00987320501008071	0.9487498159869574	0.009448647004319355
10	2	1	500	518	3.0380629419814795	0.010153689014259726	1.1684174419788178	0.010332153993658721
10	2	1	500	443	2.9670166980067734	0.009131375991273671	1.0808815909840632	0.01624480399186723
10	2	1	500	522	4.247753317002207	0.00918117500259541	0.8798486950108781	0.007046236016321927
10	2	1	500	468	2.90572753502056	0.00934882799629122	1.2843515329877846	0.12363844501669519
10	2	1	500	521	3.020049804006703	0.010451128997374326	1.3722224409866612	0.3479417309863493
10	2	1	500	531	4.3276551549788564	0.010520072974031791	1.3329199450090528	0.00792241099406965
10	2	1	500	519	3.0264157310011797	0.010222333017736673	1.2290571110206656	0.007497762999264523
10	2	1	500	500	2.951645044988254	0.009964969009160995	2.0246463420044165	0.3494833809963893
10	2	1	500	481	2.9870505149883684	0.009868121007457376	1.4249268009734806	0.08152843799325638
10	2	1	500	505	3.000723527977243	0.010329519980587065	1.7240875819406938	0.30032148901955225
10	2	1	500	434	2.9567191270180047	0.008889519987860695	1.1975417859794106	0.007607325998833403
10	2	1	500	451	2.9740874739945866	0.009018084005219862	1.0935075849993154	0.007724274997599423
10	2	1	500	527	3.025639958999818	0.010321828012820333	1.0679034189961385	0.00770368700614199
10	2	1	500	511	3.01987387999543	0.010266349010635167	1.194422601023689	0.006466360995545983
10	2	1	500	514	3.0020824789826293	0.01020199799677357	1.0131155559793115	0.006958537007449195
10	2	1	500	514	3.017517764994409	0.009025743987876922	0.9286209869896993	0.006801965006161481
10	2	1	500	469	2.8792969030037057	0.009280255995690823	1.3310974730120506	0.6608532990212552
10	2	1	500	474	2.9561500280105975	0.009648498991737142	1.4142412680084817	0.11182160998578183
10	2	1	500	461	2.948171755997464	0.009315623989095911	1.145548020984279	0.08382055698893964
10	2	1	500	524	2.9858471239858773	0.0104151519772131	0.9734580910007935	0.007759133004583418
10	2	1	500	455	4.2017661669815425	0.008184459002222866	1.1465845609782264	0.15969867998501286
10	2	1	500	493	2.9685652219923213	0.009969517996069044	1.762527934013633	0.5061833369836677
10	2	1	500	498	2.968837722000899	0.010131086019100621	1.5882212219876237	0.06638039799872786
10	2	1	500	499	2.998244051996153	0.009977131005143747	1.1480231379973702	0.007460054999683052
10	2	1	500	450	2.993219985975884	0.009466746007092297	1.0799971589876805	0.0037053980049677193
10	2	1	500	517	3.027232030988671	0.010460118995979428	1.3219276200106833	0.006363899999996647
10	2	1	500	523	3.005778338992968	0.010281004972057417	1.031601775001036	0.00771871700999327
10	2	1	500	523	2.982586270023603	0.01011735200881958	1.0639251180109568	0.007848710985854268
10	2	1	500	474	2.9124609360005707	0.00949284402304329	1.218522288982058	0.09698839398333803
10	2	1	500	500	2.950603996985592	0.010163205006392673	1.343843098002253	0.006384103995515034
10	2	1	500	508	3.0044780829921365	0.010651917022187263	1.7026937450282276	0.012559418013552204
10	2	1	500	517	13.578303438989678	0.010303917981218547	0.9323039340088144	0.007732385012786835
10	2	1	500	495	2.9470994920120575	0.010472783003933728	1.5777535300003365	0.4682331820076797
10	2	1	500	473	2.948576843016781	0.01091752402135171	0.9652738579607103	0.003845162020297721
10	2	1	500	529	3.051088031992549	0.010578120971331373	1.1863266850123182	0.0071241910045500845
10	2	1	500	525	4.329355252993992	0.010158574004890397	1.3060471030185	0.007590449997223914
10	2	1	500	524	3.011387923004804	0.009176200022920966	1.0538179650029633	0.0035382549976930022
10	2	1	500	384	2.8071035089960787	0.008483930985676125	1.2399088269739877	0.6004244580108207
10	2	1	500	529	3.0121380659984425	0.01053981197765097	1.0272926720208488	0.006556285021360964
10	2	1	500	520	3.004469412000617	0.010260051989462227	1.0292462659999728	0.007666794001124799
10	2	1	500	464	2.787713886005804	0.009322808007709682	1.0999216320051346	0.08401962800417095
10	2	1	500	517	2.9272749120136723	0.010524656012421474	1.0372674280079082	0.007810659008100629
10	2	1	500	520	2.990771915006917	0.009179745975416154	1.5552774649986532	0.01236260199220851
10	2	1	500	442	2.985465434991056	0.009257180005079135	1.1657441620191094	0.023646530986297876
10	2	1	500	524	3.027399806975154	0.009211494994815439	1.4975282810046338	0.005510238988790661
10	2	1	500	490	2.9243524899939075	0.00897173400153406	0.8504442020202987	0.007755933998851106
10	2	1	500	506	3.0066846540139522	0.010955890989862382	1.565090051968582	0.005137294996529818
10	2	1	500	533	3.0147338309907354	0.010624396003549919	0.9495470289839432	0.007987167016835883
10	2	1	500	519	3.012226057006046	0.010371739015681669	1.160625507007353	0.00650422100443393
10	2	1	500	495	2.9652276810084004	0.010456349002197385	1.3316805379872676	0.006620261003263295
10	2	1	500	528	3.024280996003654	0.010311713995179161	1.058269231027225	0.007972137012984604
10	2	1	500	390	2.9278986220015213	0.008370972995180637	1.1340888549748342	0.009810532006667927
10	2	1	500	500	13.568930451001506	0.009987286990508437	1.2330712109978776	0.013810820993967354
10	2	1	500	497	2.984637942019617	0.010270339000271633	1.4610147629864514	0.01823664698167704
10	2	1	500	489	2.9606084219994955	0.010376554011600092	1.0125776290078647	0.004059233993757516
10	2	1	500	472	2.9840703219815623	0.009514097007922828	1.3524383849580772	0.012713227013591677
10	2	1	500	457	2.9466836499923375	0.009554816002491862	1.3370630409917794	0.004860211978666484
10	2	1	500	448	1.598151507001603	0.008701617014594376	0.9549366350111086	0.004481809999560937
10	2	1	500	511	13.434797906986205	0.009785778005607426	0.9923618040047586	0.0034988780098501593
10	2	1	500	467	2.8629790759878233	0.008572899008868262	1.0759298370103352	0.17537188701680861
10	2	1	500	451	2.887991833005799	0.009235156991053373	1.0559759890311398	0.003697725012898445
10	2	1	500	506	2.996969756000908	0.010514732013689354	1.1956637209805194	0.0036159770097583532
10	2	1	500	530	3.017128084000433	0.010334610007703304	1.1282790639961604	0.007776326994644478
10	2	1	500	523	3.0280363489873707	0.010406479006633162	1.080132731993217	0.0077824539912398905
10	2	1	500	440	3.001138092018664	0.008756694995099679	1.0620163969579153	0.0075545260042417794
10	2	1	500	521	3.0369561889965553	0.01000332398689352	1.0916977979941294	0.007057164999423549
10	2	1	500	436	2.96124956899439	0.008426898013567552	1.0926339110301342	0.009984080999856815
10	2	1	500	503	3.001956923981197	0.009774925012607127	1.6334290980012156	0.008601706998888403
10	2	1	500	508	3.020958437002264	0.00998479497502558	1.0871744889882393	0.006708446017000824
10	2	1	500	441	2.9570017399964854	0.007925284997327253	1.062729233992286	0.007625569996889681
10	2	1	500	471	2.960316923999926	0.009307344007538632	1.4101823600067291	0.10705048800446093
10	2	1	500	517	2.992215000995202	0.009927186998538673	1.7037426510069054	0.11046384897781536
10	2	1	500	461	2.938927618000889	0.00850909497239627	1.2423212909488939	0.046495663991663605
10	2	1	500	486	2.9018382310168818	0.009466877992963418	1.4251701320172288	0.09627413400448859
10	2	1	500	464	2.8994521549902856	0.008975250995717943	1.2336928669828922	0.06777018599677831
10	2	1	500	508	3.0404525619815104	0.01020824900479056	1.0246285940229427	0.006386778026353568
10	2	1	500	523	2.9597200019925367	0.008767503022681922	1.0947428139916155	0.00767912098672241
10	2	1	500	516	2.974414782016538	0.00878664301126264	1.4494809999596328	0.008384966000448912
10	2	1	500	523	3.007139694993384	0.009988270001485944	1.082623820984736	0.006558908993611112
10	2	1	500	512	3.04051915902528	0.009863740997388959	1.0765822500106879	0.009461769979679957
10	2	1	500	512	3.027739406999899	0.009768698015250266	1.031081979017472	0.00787674798630178
10	2	1	500	472	2.9706736739899497	0.009260679973522201	1.6100133159779944	0.007840994978323579
10	2	1	500	519	3.0143454409844708	0.010124293999979272	1.3242307830078062	0.007780065992847085
10	2	1	500	417	2.9634440400113817	0.0085044139996171	1.0633658599981572	0.01154957601102069
10	2	1	500	520	4.330917390994728	0.00992269697599113	1.1811404559994116	0.31143069500103593
10	2	1	500	448	13.375736179004889	0.009163263021036983	1.003153685014695	0.009842881001532078
10	2	1	500	524	3.010252631007461	0.008781084005022421	1.0782798790023662	0.007604473998071626
10	2	1	500	402	2.964290907024406	0.008434768998995423	1.211280870018527	0.1032889150083065
10	2	1	500	448	1.569699674990261	0.010312158992746845	1.0127587559982203	0.0019156970083713531
10	2	1	500	525	3.0216102760168724	0.010174779017688707	1.2530967489874456	0.00761961899115704
10	2	1	500	498	3.0078669259964954	0.009879327000817284	1.3816363459918648	0.12750102000427432
10	2	1	500	522	3.042036827013362	0.010248100006720051	1.1982841189892497	0.007850541005609557
10	2	1	500	514	3.046695661992999	0.010063199995784089	1.1443976210139226	0.06252615299308673
10	2	1	500	503	3.000507655000547	0.009672860993305221	1.0642044609994628	0.0038251109945122153
10	2	1	500	522	13.461675823986297	0.009037315991008654	1.0970258979941718	0.007291153015103191
10	2	1	500	501	2.9439733480103314	0.009973891981644556	1.5979457030189224	0.005515433993423358
10	2	1	500	488	2.9775953060016036	0.008893982012523338	1.272474339028122	0.08824466197984293
10	2	1	500	528	2.9884001390018966	0.008319857995957136	1.6577529390051495	0.012246064987266436
10	2	1	500	509	3.013366955012316	0.010170960973482579	1.482914359017741	0.005348842008970678
10	2	1	500	520	3.0082995539996773	0.010088322014780715	0.993790540000191	0.007804091990692541
10	2	1	500	534	3.026889898988884	0.009416788001544774	0.9455747189931571	0.0034668399894144386
10	2	1	500	532	3.0247170839866158	0.010215207003057003	1.2970835239684675	0.00426211699959822
10	2	1	500	404	2.8942422090040054	0.007591573987156153	0.9274133309954777	0.005744035006500781
10	2	1	500	368	2.6256290940218605	0.008251058025052771	0.7959578059962951	0.07488656300120056
10	2	1	500	516	3.021775147994049	0.010036809981102124	1.2651451790006831	0.08435282402206212
10	2	1	500	399	2.9801678830117453	0.008322476991452277	0.9577454539830796	0.006862109003122896
10	2	1	500	523	2.9328208380029537	0.009036564006237313	1.2162577110284474	0.007165127026382834
10	2	1	500	497	2.9698188269976526	0.008306550997076556	0.8859169649949763	0.011492282006656751
10	2	1	500	521	3.0390464380034246	0.010083920002216473	1.0717475619749166	0.004941424995195121
10	2	1	500	515	2.937608284992166	0.008945769019192085	0.9738063310214784	0.003762701991945505
10	2	1	500	509	3.020241945021553	0.010109363007359207	1.50740689097438	0.08230139297666028
10	2	1	500	531	2.9971897960058413	0.010362581990193576	1.2497132720018271	0.00788294497760944
10	2	1	500	454	1.576161578996107	0.008648555987747386	1.0971073739929125	0.004145018989220262
10	2	1	500	414	2.9518714529986028	0.008754982001846656	0.9523869940312579	0.0038052729796618223
10	2	1	500	504	2.9835765400202945	0.009956421999959275	1.093366834014887	0.007610538974404335
10	2	1	500	520	3.0249393100093585	0.010310115991160274	1.6518245299812406	0.007855267002014443
10	2	1	500	452	1.5667392339964863	0.008939710998674855	0.9683845060062595	0.0037675410276278853
10	2	1	500	520	3.0265999830153305	0.010070035990793258	1.1088634930201806	0.007203438988653943
10	2	1	500	498	2.992937336995965	0.009997276996728033	1.4909290249925107	0.01606117998016998
10	2	1	500	448	1.575926788005745	0.008880576002411544	0.9951803020085208	0.004369496018625796
10	2	1	500	455	2.997603939002147	0.009499938983935863	1.356503851013258	0.08916968700941652
10	2	1	500	517	3.0167311660188716	0.010107916023116559	1.1577478460094426	0.00781926600029692
10	2	1	500	454	2.99934495499474	0.009686372010037303	0.9260867680422962	0.006667198002105579
10	2	1	500	540	2.989047239010688	0.010542500007431954	1.017934376024641	0.00787203898653388
10	2	1	500	444	1.5740468550065998	0.008726433996343985	1.23143753799377	0.001957027008756995
10	2	1	500	512	4.343018812010996	0.010020673013059422	1.8152014359657187	0.012570244987728074
10	2	1	500	518	2.992534322984284	0.010183041013078764	1.474137248005718	0.09208058900549076
10	2	1	500	517	3.0073103689937852	0.01040242999442853	1.0758296549902298	0.008566675998736173
10	2	1	500	525	3.0437237010046374	0.011317161988699809	0.9862357609672472	0.012030682002659887
10	2	1	500	456	1.597061480017146	0.009051227010786533	1.064074256020831	0.005857187992660329
10	2	1	500	497	3.0139146569999866	0.01017930600210093	1.233055616990896	0.012382326007355005
10	2	1	500	505	2.9942073920101393	0.008750990004045889	0.9989158930256963	0.006397851975634694
10	2	1	500	487	3.220234322012402	0.008638639003038406	1.5145081889641006	0.32958478599903174
10	2	1	500	435	2.9929028560000006	0.008953126991400495	1.0515071080299094	0.010067505994811654
10	2	1	500	425	2.8881250850099605	0.007770854979753494	1.1420544240099844	0.0037332510109990835
10	2	1	500	451	1.616530272003729	0.008356945996638387	0.971154246974038	0.04427507900982164
10	2	1	500	400	2.959131046984112	0.008618580992333591	1.3188232249813154	0.07121789100347087
10	2	1	500	438	2.953610052994918	0.00910538001335226	1.391811956971651	0.009132069011684507
10	2	1	500	491	2.9162221509905066	0.009545141976559535	1.3894587969989516	0.07622356500360183
10	2	1	500	481	2.9546344660047907	0.009805767011130229	1.416750702977879	0.5295918790216092
10	2	1	500	520	2.991671486000996	0.010254107997752726	1.3709450959868263	0.11590366999735124
10	2	1	500	516	3.016535760019906	0.010106383997481316	0.9664286329934839	0.007819938997272402
10	2	1	500	524	4.348880442004884	0.010119137004949152	1.1411113459907938	0.007122715003788471
10	2	1	500	536	3.021030306990724	0.00906392399338074	1.0627294039877597	0.005767705995822325
10	2	1	500	523	3.025821991992416	0.010424351989058778	1.0945394349982962	0.0056465769885107875
10	2	1	500	504	3.020905131008476	0.010123796004336327	1.0447863200097345	0.003925184981198981
10	2	1	500	525	4.22676668400527	0.009037308016559109	1.0443485009891447	0.007759176020044833
10	2	1	500	546	2.9851513800094835	0.009260806982638314	0.952774731995305	0.05325292097404599
10	2	1	500	506	2.9985791909857653	0.010247497004456818	1.9229554049961735	0.08261475301696919
10	2	1	500	440	2.9649711389793083	0.008947822992922738	1.1800293740234338	0.007592525013023987
10	2	1	500	437	3.0119140509923454	0.009222599997883663	0.9319835989736021	0.007018476026132703
10	2	1	500	486	2.970012036006665	0.010130230017239228	1.0188478929921985	0.0076659560145344585
10	2	1	500	464	2.9309809360129293	0.009553631010930985	1.0308428109856322	0.004322127002524212
10	2	1	500	526	3.04428618401289	0.010514138994039968	1.3206940560194198	0.1205926590191666
10	2	1	500	508	13.976909514982253	0.008630362019175664	1.7384154499741271	0.009609317989088595
10	2	1	500	394	2.915295034996234	0.008764551021158695	1.282432781998068	0.05697974198847078
10	2	1	500	518	3.02115740798763	0.010298755019903183	0.9374708760005888	0.007667616999242455
