10	1	1	500	490	2.9936921522021294	0.01007562130689621	1.18684770911932	0.006917484104633331
10	1	1	500	409	2.9549498558044434	0.008647643029689789	1.0897700414061546	0.004957079887390137
10	1	1	500	490	3.006520427763462	0.009334281086921692	1.1344986483454704	0.009924918413162231
10	1	1	500	497	3.011745736002922	0.008177109062671661	1.2356099113821983	0.012613102793693542
10	1	1	500	498	3.0314632579684258	0.00952053815126419	1.020699992775917	0.007203876972198486
10	1	1	500	482	2.9936974570155144	0.00935906171798706	1.6598982214927673	0.09548114985227585
10	1	1	500	483	3.0113771855831146	0.009313881397247314	1.5990838631987572	0.12220855802297592
10	1	1	500	499	2.985342636704445	0.009418532252311707	1.1407289505004883	0.0039028823375701904
10	1	1	500	489	3.0073039680719376	0.011671975255012512	1.1201651021838188	0.003408469259738922
10	1	1	500	492	3.0188088938593864	0.009543642401695251	1.1317693814635277	0.0075508952140808105
10	1	1	500	473	2.9760949835181236	0.009055711328983307	1.0470855385065079	0.007467091083526611
10	1	1	500	456	1.60113675147295	0.008850239217281342	1.0320262014865875	0.003749437630176544
10	1	1	500	501	13.587191194295883	0.008381903171539307	1.619605652987957	0.012067720293998718
10	1	1	500	491	2.969115301966667	0.00933048129081726	1.312025561928749	0.007727339863777161
10	1	1	500	494	3.0290776044130325	0.009660877287387848	0.9687581211328506	0.006700731813907623
10	1	1	500	451	1.5308146625757217	0.008711099624633789	0.9875547215342522	0.0037004053592681885
10	1	1	500	443	1.5398289859294891	0.008939623832702637	1.0702093839645386	0.0036537721753120422
10	1	1	500	501	3.027723640203476	0.009715892374515533	1.430321417748928	0.0076896920800209045
10	1	1	500	475	2.9740493819117546	0.009117722511291504	0.9865040704607964	0.006465151906013489
10	1	1	500	500	3.0425580739974976	0.009859137237071991	1.040641151368618	0.007128715515136719
10	1	1	500	442	1.5451649203896523	0.00898142158985138	1.1015670374035835	0.004186369478702545
10	1	1	500	498	3.0101046338677406	0.009636744856834412	1.0810691714286804	0.007749490439891815
10	1	1	500	462	2.932848021388054	0.008889473974704742	1.3736415803432465	0.05251821130514145
10	1	1	500	450	13.100898042321205	0.008857592940330505	0.9631161317229271	0.003682553768157959
10	1	1	500	470	2.9653432071208954	0.009012646973133087	1.0026021301746368	0.006869994103908539
10	1	1	500	455	2.960725761950016	0.009328529238700867	1.0640254765748978	0.06852728873491287
10	1	1	500	418	2.9711336717009544	0.00890415906906128	1.0536662638187408	0.007124096155166626
10	1	1	500	471	2.9615525603294373	0.009211540222167969	1.190668985247612	0.09625925868749619
10	1	1	500	457	2.989162802696228	0.00946798175573349	1.569486327469349	0.06875606626272202
10	1	1	500	457	2.9012231826782227	0.008092232048511505	0.9536914527416229	0.0034282058477401733
10	1	1	500	476	2.9819630831480026	0.009238898754119873	1.4244801253080368	0.020347610116004944
10	1	1	500	494	3.016876809298992	0.009635977447032928	1.1725758016109467	0.007730759680271149
10	1	1	500	474	2.947270780801773	0.009224720299243927	1.29882400482893	0.05319735407829285
10	1	1	500	408	2.9204450473189354	0.008580014109611511	1.0886541306972504	0.004195570945739746
10	1	1	500	480	2.97496896982193	0.00926632434129715	1.1219052895903587	0.008362114429473877
10	1	1	500	492	3.0311696231365204	0.009730912744998932	1.107598416507244	0.007633954286575317
10	1	1	500	469	2.9687400683760643	0.009279727935791016	1.676812931895256	0.17120833694934845
10	1	1	500	443	1.5685308277606964	0.00898975133895874	1.106299340724945	0.003700859844684601
10	1	1	500	477	2.9776732847094536	0.009303584694862366	1.369043804705143	0.08102358132600784
10	1	1	500	492	2.973559245467186	0.008709147572517395	1.083564080297947	0.007642194628715515
10	1	1	500	479	2.9871274158358574	0.009795323014259338	1.1661958917975426	0.00849081575870514
10	1	1	500	419	2.9856030642986298	0.008758865296840668	1.070175126194954	0.007568083703517914
10	1	1	500	483	3.004425846040249	0.00973287969827652	1.006527602672577	0.007863879203796387
10	1	1	500	404	2.8974383994936943	0.008886091411113739	1.3202596679329872	0.0861675962805748
10	1	1	500	501	2.9953541979193687	0.009800024330615997	1.1843495443463326	0.007649071514606476
10	1	1	500	457	2.9510006830096245	0.008915774524211884	1.0846182629466057	0.007499285042285919
10	1	1	500	494	3.023674987256527	0.009900934994220734	1.006577953696251	0.0034034550189971924
10	1	1	500	490	3.0197268798947334	0.009909652173519135	1.131089262664318	0.007828667759895325
10	1	1	500	464	2.9730089232325554	0.009322352707386017	0.9326178431510925	0.0038052797317504883
10	1	1	500	495	2.9991574808955193	0.009734243154525757	1.118321843445301	0.007056765258312225
10	1	1	500	453	13.013546258211136	0.00908324122428894	1.3744055852293968	0.0077444761991500854
10	1	1	500	462	2.953669287264347	0.009473346173763275	0.857469879090786	0.0035312846302986145
10	1	1	500	466	2.861737444996834	0.008095473051071167	1.0525319501757622	0.007949598133563995
10	1	1	500	474	2.9987129867076874	0.009491108357906342	1.1876697465777397	0.006451033055782318
10	1	1	500	488	2.96359109133482	0.010059192776679993	1.0812235847115517	0.003777123987674713
10	1	1	500	497	3.028365731239319	0.00989360362291336	1.3603873923420906	0.007802844047546387
10	1	1	500	457	2.985616371035576	0.009163931012153625	1.110288381576538	0.012484557926654816
10	1	1	500	450	2.9257038831710815	0.009432792663574219	1.1493672728538513	0.0775478184223175
10	1	1	500	484	3.0144960433244705	0.009924381971359253	1.144896350800991	0.007013581693172455
10	1	1	500	451	1.5807945057749748	0.009143620729446411	1.1514374241232872	0.0045430585741996765
10	1	1	500	428	2.940059207379818	0.008845344185829163	1.1087238639593124	0.006406128406524658
10	1	1	500	470	2.9285687133669853	0.00951223075389862	1.352327600121498	0.11948877573013306
10	1	1	500	502	2.8596846759319305	0.00874193012714386	0.8256752789020538	0.0034107938408851624
10	1	1	500	490	2.974200241267681	0.009826838970184326	1.3537998721003532	0.007782876491546631
10	1	1	500	480	2.9446800872683525	0.009467825293540955	1.335536353290081	0.0066817402839660645
10	1	1	500	469	2.9820777624845505	0.00950862467288971	1.5207054987549782	0.04595065116882324
10	1	1	500	490	2.9695691913366318	0.009179390966892242	1.1171367466449738	0.0034477636218070984
10	1	1	500	499	3.024964913725853	0.010042794048786163	1.1647528037428856	0.006958417594432831
10	1	1	500	440	1.5989097282290459	0.00916977971792221	0.9593460038304329	0.0042344629764556885
10	1	1	500	393	2.9769518598914146	0.00869208574295044	1.0842190459370613	0.007647842168807983
10	1	1	500	498	2.9625337347388268	0.009970813989639282	1.1412211209535599	0.003840900957584381
10	1	1	500	501	2.8921160250902176	0.008880585432052612	0.9493487402796745	0.003737904131412506
10	1	1	500	502	3.017785757780075	0.010116010904312134	1.0654818713665009	0.003923200070858002
10	1	1	500	501	3.010204181075096	0.010026372969150543	1.073908768594265	0.007659494876861572
10	1	1	500	504	3.0131616666913033	0.009967014193534851	1.2064946219325066	0.007788896560668945
10	1	1	500	434	2.9349923953413963	0.009287670254707336	1.341985046863556	0.006809525191783905
10	1	1	500	456	2.939791850745678	0.00924721360206604	1.200141467154026	0.008024975657463074
10	1	1	500	493	2.992100641131401	0.010063089430332184	0.9985160604119301	0.006973050534725189
10	1	1	500	411	2.9688564091920853	0.008955620229244232	1.0441457629203796	0.007137171924114227
10	1	1	500	465	2.8672823309898376	0.009540341794490814	1.2519665509462357	0.009781770408153534
10	1	1	500	504	3.0087550058960915	0.010209493339061737	1.269105151295662	0.00837014615535736
10	1	1	500	486	2.979670725762844	0.009947143495082855	1.1474478468298912	0.007625095546245575
10	1	1	500	482	2.9879879653453827	0.01014041155576706	1.0156600028276443	0.0037750452756881714
10	1	1	500	484	2.957240231335163	0.009982973337173462	0.9505309984087944	0.007643252611160278
10	1	1	500	492	2.990499347448349	0.010010190308094025	1.2237637490034103	0.007666759192943573
10	1	1	500	500	2.959386073052883	0.01017412543296814	1.2629099041223526	0.00372527539730072
10	1	1	500	488	2.970099128782749	0.010109230875968933	1.079681046307087	0.08322422951459885
10	1	1	500	482	3.002405345439911	0.00977414846420288	0.9421902000904083	0.0076395198702812195
10	1	1	500	501	3.023825190961361	0.010109513998031616	1.1100241839885712	0.0076522380113601685
10	1	1	500	465	3.0101365819573402	0.009647250175476074	1.629285715520382	0.028461195528507233
10	1	1	500	479	2.9704416021704674	0.00983484834432602	1.2043987736105919	0.006460085511207581
10	1	1	500	465	2.8293615579605103	0.008788257837295532	1.4023911207914352	0.06441376358270645
10	1	1	500	378	2.9256554022431374	0.0088072270154953	1.088312141597271	0.007702581584453583
10	1	1	500	462	2.9189670458436012	0.008427537977695465	0.9866716861724854	0.006901785731315613
10	1	1	500	500	2.906685896217823	0.008479058742523193	1.266630858182907	0.007571876049041748
10	1	1	500	453	1.6420084312558174	0.008434437215328217	1.0071734637022018	0.0036820024251937866
10	1	1	500	485	2.987180531024933	0.010011672973632812	1.3149430751800537	0.0036117658019065857
10	1	1	500	497	3.013653799891472	0.009936787188053131	0.8638188689947128	0.006986640393733978
10	1	1	500	346	1.5232217460870743	0.008372701704502106	0.8062228634953499	0.0986529216170311
10	1	1	500	501	2.9861934781074524	0.010061517357826233	1.4913573414087296	0.007489614188671112
10	1	1	500	452	2.9421484619379044	0.009251728653907776	1.0533685684204102	0.0077888816595077515
10	1	1	500	492	2.955623522400856	0.009974196553230286	1.174196794629097	0.0069899410009384155
10	1	1	500	506	3.024239242076874	0.010414890944957733	0.9464752525091171	0.0076807960867881775
10	1	1	500	451	1.6024341881275177	0.009649895131587982	0.9177847877144814	0.003663487732410431
10	1	1	500	497	2.9853469878435135	0.01003728061914444	1.28102345764637	0.007591970264911652
10	1	1	500	445	1.5626767352223396	0.009407296776771545	0.8691099733114243	0.004344813525676727
10	1	1	500	487	2.949450336396694	0.009862728416919708	0.937519446015358	0.007678396999835968
10	1	1	500	501	2.9889122992753983	0.009008526802062988	0.9181675091385841	0.007699981331825256
10	1	1	500	495	2.987836070358753	0.009983271360397339	1.1201170310378075	0.007676288485527039
10	1	1	500	430	2.959243066608906	0.009489454329013824	1.148478902876377	0.003328181803226471
10	1	1	500	499	2.975440137088299	0.010161519050598145	1.2127251997590065	0.006084717810153961
10	1	1	500	448	1.6120098605751991	0.008430339395999908	1.0891036614775658	0.004112690687179565
10	1	1	500	458	13.601442590355873	0.009775862097740173	1.1162839978933334	0.003591284155845642
10	1	1	500	469	2.945308730006218	0.008416518568992615	1.1620833650231361	0.008046284317970276
10	1	1	500	498	3.0223053246736526	0.01028502732515335	1.097476527094841	0.00713755190372467
10	1	1	500	490	2.9769555255770683	0.010121069848537445	1.0451398491859436	0.006778895854949951
10	1	1	500	412	2.7047417759895325	0.009321577847003937	1.1165812388062477	0.11790062487125397
10	1	1	500	466	2.9813137874007225	0.009760722517967224	1.4637329652905464	0.041656263172626495
10	1	1	500	501	3.0208877995610237	0.010359711945056915	1.1896336376667023	0.0078091099858284
10	1	1	500	504	3.0199538096785545	0.010224483907222748	1.4531373903155327	0.007708832621574402
10	1	1	500	449	1.5969558656215668	0.009513981640338898	1.217508688569069	0.004219748079776764
10	1	1	500	485	2.984184540808201	0.010109290480613708	1.6319313049316406	0.07859190553426743
10	1	1	500	484	2.9745116755366325	0.010328657925128937	1.159132070839405	0.00781857967376709
10	1	1	500	506	2.9672987908124924	0.009574413299560547	0.9718967229127884	0.003746122121810913
10	1	1	500	488	2.937661901116371	0.01013205200433731	1.0726425722241402	0.007539190351963043
10	1	1	500	498	2.972189925611019	0.010052084922790527	1.243320144712925	0.008069880306720734
10	1	1	500	426	2.9699537456035614	0.00941256433725357	0.9182182103395462	0.012437917292118073
10	1	1	500	488	2.9985655173659325	0.010137252509593964	1.0115506574511528	0.006504818797111511
10	1	1	500	369	2.815630204975605	0.00754963606595993	1.0314072147011757	0.12104624509811401
10	1	1	500	496	3.0090321972966194	0.01079779863357544	1.446629337966442	0.08839121460914612
10	1	1	500	445	1.5784452110528946	0.009419731795787811	1.156336985528469	0.0045105814933776855
10	1	1	500	496	3.0315920636057854	0.010146379470825195	0.9447978734970093	0.006957985460758209
10	1	1	500	449	1.4900847747921944	0.009537048637866974	0.9689497500658035	0.0036785081028938293
10	1	1	500	484	2.9876358062028885	0.010362118482589722	1.2541097477078438	0.007515862584114075
10	1	1	500	455	1.6070509999990463	0.009595610201358795	0.9068635553121567	0.004365086555480957
10	1	1	500	480	2.9689644649624825	0.010106928646564484	1.422991693019867	0.0712454691529274
10	1	1	500	488	2.987757168710232	0.010395847260951996	1.064345084130764	0.00372440367937088
10	1	1	500	449	2.9642047956585884	0.00999179482460022	1.3351658210158348	0.009083926677703857
10	1	1	500	500	3.0080596208572388	0.010640569031238556	1.222636729478836	0.0037041082978248596
10	1	1	500	488	2.9809304624795914	0.010296560823917389	1.162363663315773	0.003769896924495697
10	1	1	500	499	3.0011015087366104	0.010424323379993439	1.105987548828125	0.007155783474445343
10	1	1	500	479	2.9916564971208572	0.007953137159347534	1.1317275539040565	0.01010315865278244
10	1	1	500	467	2.9406372383236885	0.007841698825359344	1.051320768892765	0.003602132201194763
10	1	1	500	364	2.667648397386074	0.0057222917675971985	1.1469010338187218	0.3152601346373558
10	1	1	500	465	2.9482066482305527	0.007662169635295868	1.2514470219612122	0.10042981803417206
10	1	1	500	472	2.858955055475235	0.008747287094593048	1.1294373869895935	0.07082928717136383
10	1	1	500	501	2.9933566600084305	0.010617397725582123	1.2194772958755493	0.006974756717681885
10	1	1	500	381	2.9122501090168953	0.008775867521762848	0.9223966896533966	0.00659710168838501
10	1	1	500	449	1.5995402559638023	0.009488910436630249	1.0553803145885468	0.003701411187648773
10	1	1	500	454	2.9120257198810577	0.009775012731552124	1.415744736790657	0.33607639372348785
10	1	1	500	494	2.976088672876358	0.010346472263336182	1.2100064530968666	0.006770424544811249
10	1	1	500	435	2.968282528221607	0.00990605354309082	1.1760083362460136	0.0078009068965911865
10	1	1	500	493	3.0083056539297104	0.010990075767040253	1.1822816208004951	0.007656164467334747
10	1	1	500	489	2.9671945571899414	0.010440729558467865	1.0050160884857178	0.003537878394126892
10	1	1	500	386	2.918572299182415	0.008866585791110992	1.0472793579101562	0.0074725523591041565
10	1	1	500	504	2.987035244703293	0.010401442646980286	1.5479205250740051	0.007713928818702698
10	1	1	500	478	2.84283684194088	0.010602742433547974	1.2596736997365952	0.007465101778507233
10	1	1	500	400	2.961144506931305	0.009202465415000916	1.0129106417298317	0.006897576153278351
10	1	1	500	378	1.5421462282538414	0.008780308067798615	1.2217259779572487	0.08782447874546051
10	1	1	500	502	3.0342084541916847	0.009299077093601227	1.1177276000380516	0.007752850651741028
10	1	1	500	451	2.9970904141664505	0.009613677859306335	1.0144770741462708	0.007618993520736694
10	1	1	500	507	3.031496413052082	0.010677032172679901	1.1958913803100586	0.007789812982082367
10	1	1	500	453	12.840438976883888	0.008782438933849335	0.9386712089180946	0.003692023456096649
10	1	1	500	469	2.951643466949463	0.009960643947124481	1.2052843272686005	0.007554218173027039
10	1	1	500	482	2.8868331983685493	0.01036958396434784	1.5365803241729736	0.10618063807487488
10	1	1	500	462	2.9375535175204277	0.010092101991176605	1.1736810058355331	0.008201919496059418
10	1	1	500	494	2.943235956132412	0.010532006621360779	1.088716745376587	0.007683716714382172
10	1	1	500	461	2.920491576194763	0.009859733283519745	1.2939840331673622	0.007619157433509827
10	1	1	500	496	3.013495109975338	0.010442055761814117	1.1162139102816582	0.006958760321140289
10	1	1	500	511	2.9204144030809402	0.0095602348446846	1.0187397003173828	0.007920876145362854
10	1	1	500	454	1.6121045127511024	0.010252907872200012	1.2268963381648064	0.010332830250263214
10	1	1	500	452	1.57329423725605	0.00956214964389801	1.2252981886267662	0.003955639898777008
10	1	1	500	507	2.894866146147251	0.009602047502994537	1.1736339554190636	0.004006482660770416
10	1	1	500	380	2.8983157724142075	0.009243398904800415	1.005260407924652	0.005399473011493683
10	1	1	500	421	2.9952619522809982	0.009466171264648438	1.058454968035221	0.007728852331638336
10	1	1	500	468	2.9372798427939415	0.009869851171970367	1.0897409245371819	0.007651589810848236
10	1	1	500	491	3.0114931166172028	0.010706581175327301	1.0791068524122238	0.006952621042728424
10	1	1	500	446	1.3906708732247353	0.00962049514055252	1.0475029796361923	0.008192300796508789
10	1	1	500	464	2.953715853393078	0.009946636855602264	1.3034866452217102	0.04699047654867172
10	1	1	500	467	2.7931666523218155	0.010069862008094788	1.1744186878204346	0.008652962744235992
10	1	1	500	495	2.99738410115242	0.010724224150180817	1.2863323166966438	0.007442966103553772
10	1	1	500	449	1.5920149981975555	0.009584605693817139	1.150206834077835	0.004200845956802368
10	1	1	500	407	2.931982807815075	0.00907045602798462	1.3784051537513733	0.007502555847167969
10	1	1	500	393	3.013771615922451	0.007985606789588928	1.025795854628086	0.007548071444034576
10	1	1	500	492	2.8952490463852882	0.00937197357416153	1.3727543950080872	0.007500939071178436
10	1	1	500	452	1.583583228290081	0.008411243557929993	1.399151012301445	0.004703432321548462
10	1	1	500	507	2.9797867760062218	0.009343050420284271	1.2274982258677483	0.006968311965465546
10	1	1	500	458	1.5491334646940231	0.008500851690769196	1.1222421154379845	0.03834807127714157
10	1	1	500	505	3.000217705965042	0.009591102600097656	1.0791232883930206	0.0034279152750968933
10	1	1	500	481	2.9398680329322815	0.00904712826013565	1.3607065677642822	0.007470741868019104
10	1	1	500	446	1.598069466650486	0.008471556007862091	1.178108125925064	0.004309654235839844
10	1	1	500	498	2.946979135274887	0.009412765502929688	1.090669333934784	0.007504627108573914
10	1	1	500	495	2.9962509125471115	0.00938134640455246	1.372266061604023	0.07041740417480469
10	1	1	500	442	1.4780262783169746	0.008441850543022156	1.2190221101045609	0.001965761184692383
10	1	1	500	491	2.840053468942642	0.008103229105472565	1.0296974778175354	0.006816640496253967
10	1	1	500	492	2.9535819962620735	0.009229004383087158	1.121502324938774	0.00688847154378891
10	1	1	500	463	2.943008989095688	0.00860615074634552	0.9897516071796417	0.007619902491569519
10	1	1	500	385	2.923889674246311	0.008046485483646393	0.9378184825181961	0.0036743953824043274
10	1	1	500	501	2.9407384395599365	0.009575046598911285	0.8853785768151283	0.007669396698474884
10	1	1	500	502	3.010636195540428	0.009401045739650726	1.121923789381981	0.007731199264526367
10	1	1	500	450	1.6046140938997269	0.008650906383991241	0.9479176998138428	0.003674834966659546
10	1	1	500	460	2.918673701584339	0.008563801646232605	1.3096802160143852	0.020021922886371613
10	1	1	500	394	2.893498681485653	0.007985219359397888	0.9972384721040726	0.0074319988489151
10	1	1	500	491	2.9931821078062057	0.009535521268844604	1.4000292122364044	0.0038479194045066833
10	1	1	500	492	2.8399855941534042	0.00822719931602478	1.3515400812029839	0.0071382075548172
10	1	1	500	481	2.9595457911491394	0.00917784869670868	1.012577936053276	0.007629774510860443
10	1	1	500	493	2.961185246706009	0.00945686548948288	1.0344033241271973	0.003796115517616272
10	1	1	500	487	2.884923078119755	0.009238123893737793	1.1771151199936867	0.007717981934547424
10	1	1	500	475	2.839370518922806	0.00970795750617981	1.708351030945778	0.09608110040426254
10	1	1	500	479	2.952709101140499	0.009086869657039642	0.9105859994888306	0.007433362305164337
10	1	1	500	479	2.96183068305254	0.009075351059436798	1.0908358842134476	0.00765547901391983
10	1	1	500	489	2.8527913242578506	0.008528046309947968	1.098369188606739	0.0048677027225494385
10	1	1	500	388	2.9098482504487038	0.008161112666130066	1.1030478328466415	0.003433234989643097
10	1	1	500	490	2.80432790517807	0.009982861578464508	1.0420842841267586	0.003392055630683899
10	1	1	500	473	2.940022811293602	0.008818358182907104	1.455406166613102	0.07525418698787689
10	1	1	500	505	3.002706177532673	0.009689591825008392	1.053540751338005	0.007163159549236298
10	1	1	500	444	1.554537445306778	0.008488662540912628	0.9377373456954956	0.0035819634795188904
10	1	1	500	500	2.997141622006893	0.009685754776000977	1.2054141014814377	0.007711365818977356
10	1	1	500	496	2.9876349344849586	0.009396135807037354	1.0556121915578842	0.006881333887577057
10	1	1	500	355	2.593616545200348	0.006774701178073883	1.0621267184615135	0.1719232052564621
10	1	1	500	417	2.9542737007141113	0.00823986530303955	0.8785338774323463	0.007566675543785095
10	1	1	500	473	2.9406106919050217	0.008953683078289032	1.331130787730217	0.05446554720401764
10	1	1	500	394	2.8665531873703003	0.007947452366352081	0.920773096382618	0.00440148264169693
10	1	1	500	483	2.918111465871334	0.009390115737915039	1.1446795761585236	0.007608674466609955
10	1	1	500	488	2.9566631093621254	0.009443685412406921	1.1927099376916885	0.007578395307064056
10	1	1	500	473	2.787891834974289	0.008901901543140411	1.4280776008963585	0.09908998012542725
10	1	1	500	473	2.959561511874199	0.009118586778640747	1.333370365202427	0.06643753498792648
10	1	1	500	462	2.9544522985816	0.008871875703334808	1.1989521533250809	0.016253985464572906
10	1	1	500	497	2.9587789699435234	0.009630545973777771	1.0897321626543999	0.0075376033782958984
10	1	1	500	460	1.4202482402324677	0.007856041193008423	1.0422219783067703	0.00709698349237442
10	1	1	500	391	2.9002688378095627	0.008129142224788666	1.4056318551301956	0.036439284682273865
10	1	1	500	444	2.9393025934696198	0.008038133382797241	1.0325262323021889	0.012288309633731842
10	1	1	500	509	2.9400176256895065	0.009769260883331299	1.1167738065123558	0.0882553979754448
10	1	1	500	449	1.6029835939407349	0.008950009942054749	1.0900944024324417	0.004273220896720886
10	1	1	500	447	1.570177011191845	0.008578814566135406	0.9657665938138962	0.004153944551944733
10	1	1	500	459	2.9373665750026703	0.00900094211101532	1.1110785156488419	0.06069738417863846
10	1	1	500	498	3.0089007392525673	0.009852901101112366	1.2245389223098755	0.007881172001361847
10	1	1	500	493	2.922837048768997	0.009650476276874542	1.1457406058907509	0.0075244903564453125
10	1	1	500	471	2.9359294027090073	0.009108185768127441	1.4057633504271507	0.05706296116113663
10	1	1	500	460	2.9128359854221344	0.008860737085342407	1.206702098250389	0.047159165143966675
10	1	1	500	491	2.9548484310507774	0.00949697196483612	1.0510818660259247	0.007579505443572998
10	1	1	500	474	2.9413787722587585	0.009359844028949738	1.7539892941713333	0.9409595057368279
10	1	1	500	452	1.5785703286528587	0.008607417345046997	1.182335451245308	0.018598012626171112
10	1	1	500	460	2.9222599044442177	0.0091470405459404	1.039420373737812	0.003716208040714264
10	1	1	500	484	2.9568205550312996	0.009581923484802246	1.0671964511275291	0.007710561156272888
10	1	1	500	454	2.930899530649185	0.009353838860988617	1.1776634007692337	0.04157289117574692
10	1	1	500	499	2.9776467084884644	0.009849883615970612	1.1700276136398315	0.007554285228252411
10	1	1	500	500	2.971224382519722	0.009783484041690826	1.4628582745790482	0.013901427388191223
10	1	1	500	498	2.8916878700256348	0.008699782192707062	1.1096560508012772	0.006931528449058533
10	1	1	500	460	2.9201316833496094	0.008902512490749359	1.2148648798465729	0.11982467025518417
10	1	1	500	470	2.908926837146282	0.00916813313961029	1.32114776968956	0.15041708201169968
10	1	1	500	506	2.9759331420063972	0.008483342826366425	1.3240283131599426	0.0072206854820251465
10	1	1	500	478	2.936545044183731	0.009906396269798279	1.30607558041811	0.23126517981290817
10	1	1	500	483	2.957478389143944	0.009688876569271088	1.2282960191369057	0.00741221010684967
10	1	1	500	499	2.971738874912262	0.009738914668560028	1.171441189944744	0.007024951279163361
10	1	1	500	484	2.861074708402157	0.009568251669406891	1.5796180590987206	0.08602476119995117
10	1	1	500	465	2.889382801949978	0.009286485612392426	1.1909122541546822	0.05972125381231308
10	1	1	500	488	2.9751357957720757	0.009688980877399445	1.0005728974938393	0.00780855119228363
10	1	1	500	461	2.920174613595009	0.009325869381427765	1.140312522649765	0.006870701909065247
10	1	1	500	460	2.933886095881462	0.009397707879543304	1.0845724046230316	0.003589063882827759
10	1	1	500	412	2.9634925723075867	0.008430160582065582	1.0899988934397697	0.006782941520214081
10	1	1	500	440	1.5770000219345093	0.00882168859243393	1.0510580390691757	0.00406695157289505
10	1	1	500	508	2.993681900203228	0.009871356189250946	1.1542986258864403	0.007639594376087189
10	1	1	500	500	2.981825202703476	0.009778961539268494	1.535823032259941	0.007689647376537323
10	1	1	500	418	2.9126867800951004	0.00870998203754425	1.2179217711091042	0.04711710661649704
10	1	1	500	454	1.5726895481348038	0.009185507893562317	1.0474165305495262	0.005966491997241974
10	1	1	500	491	2.9313473030924797	0.009907357394695282	1.2289649471640587	0.0034240707755088806
10	1	1	500	445	1.578147791326046	0.008891373872756958	0.9395717531442642	0.0036982744932174683
10	1	1	500	464	2.971124544739723	0.009323552250862122	1.5999699160456657	0.03655596077442169
10	1	1	500	481	2.9557042866945267	0.009583704173564911	1.3273859322071075	0.007564760744571686
10	1	1	500	461	2.955630838871002	0.009120993316173553	1.4153826534748077	0.14851510524749756
10	1	1	500	498	2.9746372625231743	0.010115906596183777	1.1275401040911674	0.005896151065826416
10	1	1	500	502	3.0004515945911407	0.009981907904148102	1.331530325114727	0.005925886332988739
10	1	1	500	456	13.199292451143265	0.009174033999443054	1.0926976725459099	0.0036333054304122925
10	1	1	500	491	2.9753499403595924	0.01000521332025528	1.5252036526799202	0.003566347062587738
10	1	1	500	487	2.9564043655991554	0.009847842156887054	1.2972152307629585	0.009772472083568573
10	1	1	500	494	2.903427980840206	0.008747667074203491	1.003074787557125	0.0070138126611709595
10	1	1	500	475	2.9545796662569046	0.007897309958934784	0.9601239562034607	0.006083749234676361
10	1	1	500	495	3.0724121779203415	0.008218258619308472	1.6615294963121414	0.030401982367038727
10	1	1	500	443	2.9969913959503174	0.007377758622169495	0.9490984454751015	0.007463373243808746
10	1	1	500	496	3.032955214381218	0.008583508431911469	1.2171107679605484	0.08841433376073837
10	1	1	500	468	2.9675746858119965	0.009375445544719696	1.6131583973765373	0.06578178703784943
10	1	1	500	497	2.966853439807892	0.010973118245601654	1.2606725171208382	0.003487333655357361
10	1	1	500	476	2.87770464271307	0.009440310299396515	1.4940618723630905	0.09326409548521042
10	1	1	500	471	2.917738154530525	0.009347908198833466	1.212483860552311	0.06555896252393723
10	1	1	500	463	2.9127756655216217	0.009242907166481018	1.4048678204417229	0.009004689753055573
10	1	1	500	496	2.9091379195451736	0.010013043880462646	1.412599503993988	0.05354004353284836
10	1	1	500	387	2.835590787231922	0.009017929434776306	1.021382324397564	0.0013451799750328064
10	1	1	500	494	3.0093687251210213	0.010028794407844543	1.1577542647719383	0.0036641135811805725
10	1	1	500	423	2.8954002261161804	0.008855290710926056	1.3382194489240646	0.04016398638486862
10	1	1	500	414	2.97541431337595	0.008703246712684631	1.1482788398861885	0.003628060221672058
10	1	1	500	495	2.991379849612713	0.010003931820392609	1.0310189947485924	0.003709539771080017
10	1	1	500	461	2.9399829730391502	0.00953131914138794	1.1600398048758507	0.007486909627914429
10	1	1	500	492	2.9498610347509384	0.009904928505420685	1.1776079759001732	0.007030054926872253
10	1	1	500	466	2.9472604393959045	0.009412743151187897	0.8841180354356766	0.007378414273262024
10	1	1	500	453	2.921912968158722	0.009103357791900635	1.1895892173051834	0.2208532616496086
10	1	1	500	499	2.9883578196167946	0.009877912700176239	1.1345308274030685	0.007545195519924164
10	1	1	500	497	2.9444462656974792	0.008896641433238983	1.2147608920931816	0.007676318287849426
10	1	1	500	481	2.931976191699505	0.009808555245399475	1.2726317569613457	0.00760824978351593
10	1	1	500	461	1.5832108408212662	0.00923629105091095	0.9345488771796227	0.0036913007497787476
10	1	1	500	490	2.9601947590708733	0.010102570056915283	1.4270224943757057	0.02859942615032196
10	1	1	500	468	2.9138746708631516	0.00939035415649414	1.0186138451099396	0.003926858305931091
10	1	1	500	475	2.750878408551216	0.00837618112564087	1.127309001982212	0.08753369748592377
10	1	1	500	488	2.9573618918657303	0.010036550462245941	0.9940897300839424	0.012567557394504547
10	1	1	500	501	2.960838459432125	0.010036244988441467	1.0859464854002	0.008172474801540375
10	1	1	500	484	2.7704281210899353	0.01009117066860199	1.2076466232538223	0.007493168115615845
10	1	1	500	471	2.912444107234478	0.009504713118076324	1.2598617151379585	0.04097498208284378
10	1	1	500	486	2.962531328201294	0.010051161050796509	1.2162922397255898	0.0071571096777915955
10	1	1	500	461	2.923302188515663	0.009300559759140015	1.0676963850855827	0.027661770582199097
10	1	1	500	481	2.9398754313588142	0.009814567863941193	0.9636705443263054	0.09907326847314835
10	1	1	500	384	2.8702378049492836	0.006737560033798218	1.2711310908198357	0.13706287741661072
10	1	1	500	489	3.0544319078326225	0.008314751088619232	1.05026113986969	0.009794972836971283
10	1	1	500	447	1.6025154143571854	0.007493257522583008	1.1069232374429703	0.003529578447341919
10	1	1	500	442	3.0621702522039413	0.007485628128051758	1.1065290793776512	0.005232624709606171
10	1	1	500	465	2.9309444949030876	0.009385257959365845	1.1571328863501549	0.013371892273426056
10	1	1	500	490	2.907646059989929	0.008751951158046722	1.4132869318127632	0.007711760699748993
10	1	1	500	443	1.5884757116436958	0.009155429899692535	1.1872066408395767	0.0035569891333580017
10	1	1	500	441	2.9415997564792633	0.009284056723117828	1.0917000323534012	0.0739307850599289
10	1	1	500	497	2.993485063314438	0.01012643426656723	1.2830571234226227	0.0075905099511146545
10	1	1	500	405	2.934731625020504	0.00871960073709488	0.951404832303524	0.003313980996608734
10	1	1	500	482	2.9507400691509247	0.01034468412399292	1.2648256495594978	0.005242288112640381
10	1	1	500	453	1.6134085059165955	0.009068094193935394	1.202911227941513	0.003701232373714447
10	1	1	500	497	3.027935214340687	0.01015201210975647	1.3603094965219498	0.008437007665634155
10	1	1	500	493	2.912900537252426	0.009352616965770721	1.2794662714004517	0.007608883082866669
10	1	1	500	441	1.5842211917042732	0.009695686399936676	1.169757418334484	0.004075013101100922
10	1	1	500	476	3.0122678130865097	0.009800821542739868	1.0280089676380157	0.007541991770267487
10	1	1	500	487	2.9902329593896866	0.010638326406478882	1.361139751970768	0.08832055330276489
10	1	1	500	474	2.948272831737995	0.00954890251159668	1.1798278838396072	0.006932146847248077
10	1	1	500	456	2.9290412440896034	0.009225189685821533	1.3270002231001854	0.05414186418056488
10	1	1	500	452	1.5670028701424599	0.009124130010604858	1.1093525514006615	0.004291005432605743
10	1	1	500	344	1.5287656411528587	0.007304027676582336	0.6864028349518776	0.045213259756565094
10	1	1	500	462	2.9357625991106033	0.009329184889793396	0.9326680079102516	0.008670732378959656
10	1	1	500	487	2.9782467409968376	0.009929664433002472	1.0993511229753494	0.007219873368740082
10	1	1	500	343	2.5934365168213844	0.007225915789604187	1.0762574598193169	0.45219193398952484
10	1	1	500	449	2.936891585588455	0.009337656199932098	1.0562954246997833	0.013331755995750427
10	1	1	500	487	13.549918211996555	0.010096579790115356	1.0712793469429016	0.0037125423550605774
10	1	1	500	487	2.9331206530332565	0.008120700716972351	1.176943689584732	0.007310397922992706
10	1	1	500	475	2.9173122942447662	0.008116960525512695	0.9882916510105133	0.009489759802818298
10	1	1	500	466	2.919987753033638	0.007915906608104706	1.3882550150156021	0.050237081944942474
10	1	1	500	495	3.0845540538430214	0.008139342069625854	1.4385748580098152	0.007808759808540344
10	1	1	500	476	2.9896559342741966	0.009677894413471222	1.0613919347524643	0.007653363049030304
10	1	1	500	466	2.912724532186985	0.009238742291927338	1.2476193755865097	0.0057287514209747314
10	1	1	500	489	2.941787466406822	0.01009272038936615	1.261729620397091	0.07060249149799347
10	1	1	500	471	2.964339464902878	0.009792283177375793	1.3028041273355484	0.23855070769786835
10	1	1	500	454	2.9394656643271446	0.009466111660003662	1.1930794566869736	0.0036734938621520996
10	1	1	500	402	2.928014852106571	0.008670754730701447	1.1184114664793015	0.0064024850726127625
10	1	1	500	460	2.9504229202866554	0.009952448308467865	1.413064181804657	0.15093517303466797
10	1	1	500	448	1.5904513895511627	0.009524829685688019	1.165198914706707	0.0044908225536346436
10	1	1	500	507	3.019392929971218	0.010305538773536682	1.0174362733960152	0.009281523525714874
10	1	1	500	492	2.9956817775964737	0.010428927838802338	1.3683447688817978	0.008012980222702026
10	1	1	500	432	2.9732302352786064	0.00940433144569397	0.9714009314775467	0.012625880539417267
10	1	1	500	489	2.947231985628605	0.009975776076316833	0.9893615692853928	0.007512785494327545
10	1	1	500	490	2.9896578043699265	0.010324455797672272	1.2037720754742622	0.003630809485912323
10	1	1	500	465	2.9081011936068535	0.00952121615409851	1.3227609992027283	0.05149712413549423
10	1	1	500	481	2.965509556233883	0.009921543300151825	1.1297999620437622	0.007394097745418549
10	1	1	500	479	2.934772342443466	0.00959615409374237	1.1217747256159782	0.007899783551692963
10	1	1	500	458	1.6122464314103127	0.009650178253650665	1.3263300582766533	0.008080445230007172
10	1	1	500	396	2.8984593003988266	0.009060688316822052	0.893400214612484	0.007638938724994659
10	1	1	500	437	2.982146941125393	0.009694494307041168	1.0019703954458237	0.007485687732696533
10	1	1	500	411	2.8939494863152504	0.008376643061637878	0.9395722523331642	0.007771290838718414
10	1	1	500	513	2.938871406018734	0.00981653481721878	1.1118664294481277	0.007690593600273132
10	1	1	500	474	2.9302924796938896	0.009507261216640472	1.3968418538570404	0.12210031598806381
10	1	1	500	489	2.949532598257065	0.0106310173869133	1.145058460533619	0.005263581871986389
10	1	1	500	455	2.916913777589798	0.009477570652961731	1.1363448649644852	0.034659795463085175
10	1	1	500	489	2.9572058022022247	0.010065712034702301	1.5453280434012413	0.052365414798259735
10	1	1	500	461	2.896824076771736	0.009387671947479248	1.0182992294430733	0.007672101259231567
10	1	1	500	486	2.950052261352539	0.010103680193424225	1.392255499958992	0.04081776738166809
10	1	1	500	469	3.00518536567688	0.009795747697353363	0.8973989710211754	0.007832549512386322
10	1	1	500	466	2.950444094836712	0.009508892893791199	1.2324552983045578	0.2520810440182686
10	1	1	500	456	2.91108088940382	0.009594634175300598	1.0553375855088234	0.0038482695817947388
10	1	1	500	463	2.9484133571386337	0.009834356606006622	0.9791777357459068	0.0035583004355430603
10	1	1	500	504	2.9988150373101234	0.01037348061800003	1.2767562195658684	0.013910055160522461
10	1	1	500	470	2.9324444979429245	0.009724408388137817	1.2287286892533302	0.0710136815905571
10	1	1	500	450	13.145681694149971	0.013205058872699738	1.2824730277061462	0.007590003311634064
10	1	1	500	385	2.9223808273673058	0.00862642377614975	0.9727567657828331	0.007419697940349579
10	1	1	500	493	3.0182239711284637	0.010978512465953827	1.1419034823775291	0.007066115736961365
10	1	1	500	495	2.950440064072609	0.009153120219707489	1.0014794245362282	0.007741227746009827
10	1	1	500	436	2.9941908717155457	0.00966816395521164	0.99978057295084	0.008856251835823059
10	1	1	500	469	2.9422544986009598	0.009908996522426605	1.1090755388140678	0.007926076650619507
10	1	1	500	491	2.94322557002306	0.01055242121219635	0.940275028347969	0.007417730987071991
10	1	1	500	490	2.993292048573494	0.010474227368831635	1.0662940740585327	0.007502451539039612
10	1	1	500	456	2.967636860907078	0.009966090321540833	1.1812154650688171	0.09066563099622726
10	1	1	500	496	2.9854306057095528	0.011030882596969604	1.0752862691879272	0.00446358323097229
10	1	1	500	492	2.970102794468403	0.010252781212329865	1.225269503891468	0.07313273847103119
10	1	1	500	461	2.8931763023138046	0.009520456194877625	1.539311446249485	0.029178529977798462
10	1	1	500	482	2.963512845337391	0.010202139616012573	0.8789183497428894	0.00759878009557724
10	1	1	500	493	3.005387634038925	0.010313868522644043	1.4589904993772507	0.08757627010345459
10	1	1	500	498	3.0002004727721214	0.009263865649700165	1.016704000532627	0.006960466504096985
10	1	1	500	506	2.9812185391783714	0.008513696491718292	1.6556956470012665	0.007759071886539459
10	1	1	500	458	2.9367733150720596	0.009570591151714325	1.2378214970231056	0.06521666049957275
10	1	1	500	454	1.4329087883234024	0.009865254163742065	1.1335227563977242	0.003655172884464264
10	1	1	500	479	2.921864666044712	0.009691707789897919	1.2258507832884789	0.007150396704673767
10	1	1	500	497	2.9640722051262856	0.01043587177991867	1.2496067807078362	0.06854008138179779
10	1	1	500	490	2.933408461511135	0.009200602769851685	1.0651267394423485	0.0076868534088134766
10	1	1	500	454	2.900102987885475	0.00956033170223236	1.1491252556443214	0.007402464747428894
10	1	1	500	485	2.9589439779520035	0.010128676891326904	1.1239614114165306	0.00355742871761322
10	1	1	500	501	2.9822385013103485	0.010596424341201782	1.1421940103173256	0.007732026278972626
10	1	1	500	452	2.9447734355926514	0.01080014556646347	1.3449812829494476	0.0447290763258934
10	1	1	500	453	1.5639553517103195	0.00944296270608902	1.1212605684995651	0.008329123258590698
10	1	1	500	366	1.5254899933934212	0.008404970169067383	0.8629361838102341	0.0032430216670036316
10	1	1	500	442	2.8916560783982277	0.009560249745845795	1.3295027241110802	0.0037200897932052612
10	1	1	500	475	2.957675851881504	0.009817421436309814	1.1805696487426758	0.006460689008235931
10	1	1	500	397	2.931219905614853	0.009175777435302734	1.010134033858776	0.003643043339252472
10	1	1	500	456	2.911968633532524	0.00950343906879425	1.0890818610787392	0.0073803141713142395
10	1	1	500	452	1.5780129954218864	0.009774908423423767	1.1229169890284538	0.0036236271262168884
10	1	1	500	501	13.539598628878593	0.010537326335906982	1.4659303277730942	0.03452695906162262
10	1	1	500	460	12.921345725655556	0.00864410400390625	0.9623936638236046	0.003633156418800354
10	1	1	500	442	2.9550768211483955	0.009506620466709137	0.9427804797887802	0.007300093770027161
10	1	1	500	500	2.9876327216625214	0.010419338941574097	1.416288174688816	0.007554784417152405
10	1	1	500	462	2.899784378707409	0.008788920938968658	1.0525541454553604	0.04255969077348709
10	1	1	500	491	2.8439920097589493	0.009464435279369354	1.101233348250389	0.003461487591266632
10	1	1	500	500	2.9803543463349342	0.010335572063922882	1.4495908617973328	0.007635846734046936
10	1	1	500	495	2.9745561853051186	0.008759833872318268	1.2735857143998146	0.007136642932891846
10	1	1	500	346	2.8900046721100807	0.00849694013595581	0.9743008762598038	0.4827555939555168
10	1	1	500	477	2.9196876138448715	0.00973644107580185	1.4216508120298386	0.05865246802568436
10	1	1	500	384	1.5782731026411057	0.00914686918258667	1.1316646113991737	0.0037403032183647156
10	1	1	500	489	2.9711789190769196	0.010579966008663177	1.116364225745201	0.007896818220615387
10	1	1	500	487	2.878234066069126	0.008982069790363312	0.9339306503534317	0.012637779116630554
10	1	1	500	483	2.963937781751156	0.00957467406988144	1.2379088401794434	0.0035705119371414185
10	1	1	500	482	2.932754397392273	0.009534284472465515	1.142994225025177	0.007084570825099945
10	1	1	500	462	2.936239518225193	0.00913095474243164	0.9595511481165886	0.003755822777748108
10	1	1	500	507	3.001470185816288	0.009728699922561646	1.2486863657832146	0.003546498715877533
10	1	1	500	491	2.939092703163624	0.009292133152484894	1.6195139288902283	0.0803438052535057
10	1	1	500	463	2.906582497060299	0.008640669286251068	1.1197140961885452	0.005347393453121185
10	1	1	500	449	1.5590139999985695	0.00858759880065918	1.0400080308318138	0.004197642207145691
10	1	1	500	454	1.5666926354169846	0.008367255330085754	1.2141862511634827	0.008293308317661285
10	1	1	500	448	1.5979750975966454	0.008533760905265808	1.1967787742614746	0.004538156092166901
10	1	1	500	384	2.908573441207409	0.008281923830509186	1.4483093097805977	0.07109303772449493
10	1	1	500	496	3.01090756803751	0.023493319749832153	1.088587798178196	0.007889717817306519
10	1	1	500	456	2.9089780151844025	0.014577195048332214	0.8969973921775818	0.005656428635120392
10	1	1	500	457	2.9149173945188522	0.008738510310649872	1.313272550702095	0.008325561881065369
10	1	1	500	472	2.959037020802498	0.009134642779827118	0.9901453033089638	0.003503173589706421
10	1	1	500	405	2.869335226714611	0.008547231554985046	1.1751051470637321	0.007485233247280121
10	1	1	500	509	3.0017753913998604	0.009870544075965881	1.1721729636192322	0.0038828402757644653
10	1	1	500	474	3.009069077670574	0.009112678468227386	1.0697454437613487	0.007006190717220306
10	1	1	500	433	2.948163226246834	0.009060390293598175	1.268669418990612	0.009587153792381287
10	1	1	500	504	3.0048799365758896	0.009763740003108978	1.2526018023490906	0.007575958967208862
10	1	1	500	441	1.5688444450497627	0.008590318262577057	1.128566101193428	0.0036894455552101135
10	1	1	500	495	2.914158783853054	0.008406944572925568	1.2894044816493988	0.0071486979722976685
10	1	1	500	492	2.9826170206069946	0.009671449661254883	1.1362672075629234	0.007979623973369598
10	1	1	500	444	1.5937839224934578	0.008668914437294006	0.9858118072152138	0.004392273724079132
10	1	1	500	488	2.9178144559264183	0.009574063122272491	1.0676189437508583	0.007715530693531036
10	1	1	500	488	2.9572082981467247	0.008204638957977295	1.4799288734793663	0.008680686354637146
10	1	1	500	503	2.9907661601901054	0.010129854083061218	0.94455636292696	0.003719910979270935
10	1	1	500	457	2.9021418318152428	0.008697055280208588	0.97257149964571	0.0037030279636383057
10	1	1	500	444	2.919720061123371	0.008674822747707367	1.193119764328003	0.00765778124332428
10	1	1	500	459	2.8888071477413177	0.008716680109500885	0.9451957568526268	0.003289826214313507
10	1	1	500	465	2.936802826821804	0.009009085595607758	1.1277173683047295	0.007860265672206879
10	1	1	500	477	2.955569177865982	0.009453073143959045	1.116572730243206	0.00518643856048584
10	1	1	500	481	2.9316899329423904	0.008435472846031189	1.5868675708770752	0.06369636952877045
10	1	1	500	505	2.9895604476332664	0.009831152856349945	1.1453019976615906	0.007646232843399048
10	1	1	500	491	3.0209323167800903	0.009740620851516724	1.0952067524194717	0.006882146000862122
10	1	1	500	493	2.8662009686231613	0.010121531784534454	1.0917912349104881	0.004073537886142731
10	1	1	500	476	2.938189499080181	0.009204328060150146	1.2373068928718567	0.007759697735309601
10	1	1	500	496	2.992823414504528	0.00975567102432251	1.055801123380661	0.006770014762878418
10	1	1	500	502	2.94333952665329	0.008648529648780823	1.0034686625003815	0.005855657160282135
10	1	1	500	409	2.9170332700014114	0.008464053273200989	1.2718798145651817	0.038960374891757965
10	1	1	500	493	2.9619269967079163	0.009626738727092743	1.1017856001853943	0.007631845772266388
10	1	1	500	405	2.9615318775177	0.007547929883003235	1.1185749396681786	0.007052086293697357
10	1	1	500	455	1.5683747977018356	0.009189940989017487	1.1315012946724892	0.003863587975502014
10	1	1	500	489	2.9290487691760063	0.009802833199501038	1.4708451181650162	0.010563969612121582
10	1	1	500	494	2.9262305721640587	0.008638918399810791	1.0766999945044518	0.003786839544773102
10	1	1	500	478	2.9194954335689545	0.009340733289718628	1.2521118149161339	0.08759241551160812
10	1	1	500	488	2.960034132003784	0.009608417749404907	1.1782333105802536	0.0069674476981163025
10	1	1	500	439	1.578757993876934	0.008972153067588806	0.9791637361049652	0.0018989667296409607
10	1	1	500	463	2.8939236477017403	0.009242311120033264	1.1832629889249802	0.10115322470664978
10	1	1	500	397	2.9137605726718903	0.008464276790618896	1.0845838636159897	0.00771089643239975
10	1	1	500	448	1.6107552647590637	0.009053409099578857	1.012589268386364	0.00375983864068985
10	1	1	500	478	2.9654210060834885	0.009297050535678864	1.1312436982989311	0.007582560181617737
10	1	1	500	453	2.9732299968600273	0.00895129144191742	1.0608556121587753	0.013311974704265594
10	1	1	500	425	2.9414842799305916	0.008681058883666992	0.9739416241645813	0.010121747851371765
10	1	1	500	496	13.458139933645725	0.009990736842155457	1.1908662095665932	0.007769279181957245
10	1	1	500	453	1.6052250936627388	0.009099185466766357	0.9791067093610764	0.0037833750247955322
10	1	1	500	448	1.5940590426325798	0.009068042039871216	1.1364662125706673	0.004701465368270874
10	1	1	500	481	2.9574581310153008	0.009937934577465057	1.2657819837331772	0.007725372910499573
10	1	1	500	506	2.9293603971600533	0.010222047567367554	1.221212811768055	0.008043363690376282
10	1	1	500	510	2.867184557020664	0.009222455322742462	1.4017751812934875	0.00776122510433197
10	1	1	500	495	2.9199921041727066	0.008678756654262543	1.1219734251499176	0.007806077599525452
10	1	1	500	506	3.014026492834091	0.010272309184074402	1.0987630113959312	0.00397443026304245
10	1	1	500	418	2.98805520683527	0.009015120565891266	1.085010051727295	0.009764313697814941
10	1	1	500	411	2.9472915306687355	0.008630678057670593	1.2655481547117233	0.06621085107326508
10	1	1	500	435	2.961804710328579	0.008813269436359406	1.042472019791603	0.007992804050445557
10	1	1	500	421	2.987381272017956	0.008602648973464966	0.9958492368459702	0.007329776883125305
10	1	1	500	500	2.9748471081256866	0.00981944054365158	0.992150641977787	0.0037200897932052612
10	1	1	500	503	12.878313452005386	0.008893772959709167	1.165192797780037	0.007708102464675903
10	1	1	500	451	1.5889692828059196	0.009083054959774017	0.9740994498133659	0.0037124454975128174
10	1	1	500	490	2.9134819209575653	0.010051995515823364	0.9778696298599243	0.007539048790931702
10	1	1	500	496	2.9482831433415413	0.009777963161468506	1.2981740236282349	0.006804034113883972
10	1	1	500	441	2.8998475074768066	0.008788622915744781	1.0993832871317863	0.05822689086198807
10	1	1	500	433	2.979845277965069	0.008882857859134674	1.0861093550920486	0.007104054093360901
10	1	1	500	497	2.9682261422276497	0.009646549820899963	1.3921150341629982	0.0075840577483177185
10	1	1	500	486	2.7528179213404655	0.00837254524230957	1.535926192998886	0.0410001203417778
10	1	1	500	468	2.8148250356316566	0.007996693253517151	1.0297973230481148	0.005663082003593445
10	1	1	500	458	2.9086108431220055	0.009261123836040497	1.051674947142601	0.048064328730106354
10	1	1	500	505	2.993184022605419	0.013116605579853058	1.2168397307395935	0.0037811920046806335
10	1	1	500	467	2.876827858388424	0.008080407977104187	1.3146352842450142	0.07021626085042953
10	1	1	500	494	2.9490182772278786	0.009913399815559387	1.044549286365509	0.005493730306625366
10	1	1	500	499	2.9754541516304016	0.009901762008666992	1.278417743742466	0.007063977420330048
10	1	1	500	482	2.8933006897568703	0.008494831621646881	1.0826259776949883	0.007625482976436615
10	1	1	500	481	2.9559494853019714	0.009835310280323029	1.3560452237725258	0.10084961354732513
