10	4	1	500	624	3.0479093920148443	0.011136140004964545	1.6858683449972887	0.014282263000495732
10	4	1	500	522	4.319964414986316	0.010662583023076877	1.5322957089811098	0.009850383008597419
10	4	1	500	463	2.8791140550165437	0.008535992004908621	1.5862651740317233	0.008285888994578272
10	4	1	500	500	2.9612031809811015	0.009850638976786286	0.9773066150082741	0.007555527001386508
10	4	1	500	531	2.960816964012338	0.009558942983858287	1.107386697025504	0.009977662994060665
10	4	1	500	441	1.5265613639785443	0.008548310026526451	0.9692845579993445	0.008957911020843312
10	4	1	500	576	3.057185173005564	0.010420738981338218	1.2052217920136172	0.016355468018446118
10	4	1	500	569	2.977385823993245	0.010692434996599331	1.17264586998499	0.05279444600455463
10	4	1	500	553	2.9352407609985676	0.009264184976927936	1.3108448190032504	0.014427777990931645
10	4	1	500	523	3.0185601010161918	0.009404151001945138	1.2870216540177353	0.011730259982869029
10	4	1	500	594	3.029600366979139	0.009917322982801124	1.3532423480064608	0.00893902700045146
10	4	1	500	469	2.9149830699898303	0.009137490997090936	1.5413437909737695	0.04680275698774494
10	4	1	500	619	4.3215287549828645	0.00969062402145937	1.1057069289963692	0.02097524399869144
10	4	1	500	637	3.032752949016867	0.010754973016446456	1.0311118969984818	0.011575134994927794
10	4	1	500	518	2.8967786350112874	0.00990965700475499	1.675665951013798	0.025011840974912047
10	4	1	500	604	4.282554389006691	0.011033422022592276	1.4714274069701787	0.014673892001155764
10	4	1	500	543	4.224054135003826	0.010349378018872812	1.8352660909877159	0.008351394004421309
10	4	1	500	599	3.036972592002712	0.010315887979231775	1.5667843089904636	0.009724171017296612
10	4	1	500	533	2.8984356739965733	0.009822583000641316	1.5893671289959457	0.005900011979974806
10	4	1	500	627	2.9774785850022454	0.01078372000483796	1.2258367069880478	0.007714993989793584
10	4	1	500	528	2.959209815977374	0.010120657010702416	1.941442335024476	0.9929739809886087
10	4	1	500	601	3.0307944450178184	0.010486400977242738	1.60471240899642	0.009937608992913738
10	4	1	500	519	2.9809144620085135	0.009467713010963053	1.163926407985855	0.01042913002311252
10	4	1	500	451	1.53304910598672	0.007622603006893769	1.2470742400328163	0.007982321985764429
10	4	1	500	514	2.829623192024883	0.008183069003280252	0.9200850109918974	0.005824949010275304
10	4	1	500	594	2.9988107929821126	0.010097758990013972	1.3089536770130508	0.012289894977584481
10	4	1	500	564	2.99409008998191	0.00984835100825876	1.1316414850007277	0.0034048620145767927
10	4	1	500	616	2.746934216003865	0.009457745996769518	1.5860854150087107	0.015007144014816731
10	4	1	500	535	12.274445083981846	0.009444541006814688	1.7635620340297464	2.3549537920043804
10	4	1	500	617	12.626165134017356	0.009745671995915473	1.4560216250247322	0.008794130000751466
10	4	1	500	590	3.0196344050054904	0.010416019998956472	1.0558502890053205	0.011282282997854054
10	4	1	500	619	3.047143308009254	0.0106776769971475	0.9452451730030589	0.007546220003860071
10	4	1	500	565	2.8595771030231845	0.01076951198047027	2.0585181009955704	0.018459922983311117
10	4	1	500	434	2.82092985700001	0.008820350980386138	0.9939667480066419	0.06497089599724859
10	4	1	500	539	2.9741750519897323	0.010327686002710834	2.132047866965877	1.7617669010069221
10	4	1	500	597	4.349758342985297	0.009175396000500768	1.0413690870336723	0.012439673999324441
10	4	1	500	535	4.293429523007944	0.010175294009968638	1.158132801996544	0.008492337015923113
10	4	1	500	515	2.9414188170048874	0.00971213899902068	1.049600897997152	0.006307824020041153
10	4	1	500	593	4.35346222500084	0.010795459995279089	0.8982135519909207	0.01496663098805584
10	4	1	500	610	4.31862028100295	0.01062933899811469	0.9510726550361142	0.012961611995706335
10	4	1	500	614	4.362709238979733	0.011159411020344123	1.9801001450105105	0.0157651920162607
10	4	1	500	472	4.240838802012149	0.007934813998872414	1.5528557610232383	0.016701006999937817
10	4	1	500	421	2.9100070020067506	0.009112063999054953	1.6817424109904096	0.8981592920026742
10	4	1	500	621	12.932044355984544	0.009701325005153194	1.0254392430360895	0.012572768988320604
10	4	1	500	562	4.103721801977372	0.009302477992605418	1.9663650709553622	0.0112195500114467
10	4	1	500	469	2.9012479029770475	0.008911303011700511	0.9225785950256977	0.003390197001863271
10	4	1	500	556	12.46771045398782	0.010796365997521207	2.3769110360299237	0.24275011499412358
10	4	1	500	526	2.928973579982994	0.009982059011235833	1.7243553820007946	0.019458397990092635
10	4	1	500	624	12.998075020994293	0.010969234019285068	2.0611527359869797	0.014988467009970918
10	4	1	500	472	2.8903104740020353	0.008521910000126809	1.2870451360067818	0.07318738798494451
10	4	1	500	530	3.0069248510117177	0.009395258006406948	1.1375209809921216	0.011498447973281145
10	4	1	500	607	12.55412351200357	0.010434836003696546	1.6673455630079843	0.012941516994033009
10	4	1	500	607	4.268910509010311	0.009335387003375217	1.506659923994448	0.011586804001126438
10	4	1	500	569	4.2309537940018345	0.009272869006963447	1.916521595994709	0.011685524979839101
10	4	1	500	609	3.028648298990447	0.01205529598519206	1.1264685660135	0.010436704993480816
10	4	1	500	486	2.949774559994694	0.009527155983960256	1.1371283619955648	0.009754578000865877
10	4	1	500	631	12.58680658499361	0.010685151006327942	1.0313722080318257	0.012210488988785073
10	4	1	500	574	2.9177528519940097	0.008933755976613611	1.489614072983386	0.006419359997380525
10	4	1	500	577	12.82073290500557	0.009075357986148447	1.1253520520112943	0.009955009998520836
10	4	1	500	601	3.0277243690215982	0.011146835022373125	1.620369641983416	0.00971428697812371
10	4	1	500	623	3.051638461998664	0.010754215996712446	1.67256838598405	0.014013070001965389
10	4	1	500	616	3.0377771999919787	0.010682426975108683	1.0459248860133812	0.0051390589796938
10	4	1	500	584	4.108293702010997	0.009261208993848413	1.4864530570339411	0.013410153012955561
10	4	1	500	623	4.385515091998968	0.010705100983614102	1.4930387630010955	0.008426704996963963
10	4	1	500	500	2.909131289983634	0.009748304000822827	1.570008492039051	2.262750727997627
10	4	1	500	595	3.008135872980347	0.010484364989679307	1.503082715003984	0.009787317016161978
10	4	1	500	524	13.134302873018896	0.010485189995961264	2.2272317989263684	13.989026263996493
10	4	1	500	486	2.8830055690195877	0.00969563500257209	1.0230090059922077	0.007616920978762209
10	4	1	500	467	2.8400235059962142	0.008873332990333438	1.5347478240146302	0.1434768330072984
10	4	1	500	451	2.87578077201033	0.008782045013504103	1.2870540999865625	0.0069613109808415174
10	4	1	500	537	2.944536591996439	0.009947498008841649	1.067132109979866	0.05245868599740788
10	4	1	500	583	13.081655261979904	0.009689459984656423	1.7575420239882078	0.01926570598152466
10	4	1	500	557	2.991923237015726	0.010624059999827296	1.0445242599816993	0.07575278999865986
10	4	1	500	565	2.9862867319898214	0.01030871199327521	1.5689817260135897	0.008877918997313827
10	4	1	500	514	2.9231386200117413	0.008457956981146708	1.1632412279723212	0.008514571003615856
10	4	1	500	610	3.0476164660067298	0.01064630999462679	1.6063262190145906	0.009702136012492701
10	4	1	500	457	2.8873133680026513	0.007892036024713889	1.348448831035057	0.03918718302156776
10	4	1	500	619	12.747102980996715	0.009608749998733401	1.2071735900244676	0.1393160830193665
10	4	1	500	546	2.954508294002153	0.010045567993074656	1.3727535399666522	0.018998865998582914
10	4	1	500	527	2.8873919839970767	0.008331493998412043	0.8307874699821696	0.007688161014812067
10	4	1	500	541	12.96556729299482	0.009541906998492777	1.8836016020504758	4.013680510019185
10	4	1	500	568	2.9900255230022594	0.010457934986334294	1.6648147859959863	0.005269426997983828
10	4	1	500	559	2.9935626199876424	0.009880147001240402	1.0464609590126202	0.013206272997194901
10	4	1	500	557	12.778824860986788	0.01019765599630773	1.5196862630255055	0.01130429600016214
10	4	1	500	502	2.9112924370274413	0.009703595977043733	1.5516403000219725	1.1391882009920664
10	4	1	500	614	4.383275357016828	0.01057446698541753	1.568988366954727	0.009733201994094998
10	4	1	500	530	2.9395239939913154	0.009529226983431727	1.6096032269997522	0.24685690802289173
10	4	1	500	564	2.970184954989236	0.009796894009923562	1.1567016239860095	0.006559369008755311
10	4	1	500	577	3.051191108999774	0.009237788006430492	0.9678620409977157	0.014755259995581582
10	4	1	500	550	2.9176633640017826	0.008672384021338075	1.608980602963129	0.014700953004648909
10	4	1	500	465	2.922965606005164	0.008620039996458218	1.4038638249912765	0.4220264239993412
10	4	1	500	564	2.978579777001869	0.010500867996597663	1.0400552930077538	0.006646682013524696
10	4	1	500	585	3.029084223002428	0.010123337007826194	1.0357665470219217	0.015418637020047754
10	4	1	500	633	3.0457123960077297	0.010606998985167593	1.0167932439944707	0.009895891998894513
10	4	1	500	507	12.27661249000812	0.008442358986940235	1.3012356350081973	0.01483470102539286
10	4	1	500	500	3.005168763018446	0.00906846800353378	1.229749145975802	0.055649279995122924
10	4	1	500	548	3.01946383799077	0.009820824983762577	0.8880967309814878	0.011073206987930462
10	4	1	500	626	3.015197056985926	0.01071124299778603	1.4931261299934704	0.013852299976861104
10	4	1	500	469	2.8800468609842937	0.008465746999718249	1.0392740909883287	0.010968298010993749
10	4	1	500	605	3.0108908290276304	0.010729761008406058	1.4816341550031211	0.014682353008538485
10	4	1	500	573	2.930537177977385	0.009181907982565463	1.485636222991161	0.008718900004168972
10	4	1	500	592	3.0435160429915413	0.010177697986364365	1.2752962080121506	0.013709464023122564
10	4	1	500	563	2.9848001139762346	0.010199556010775268	1.0065385510097258	0.006171823013573885
10	4	1	500	524	2.936579056986375	0.00991048599826172	2.044407663983293	4.916075940011069
10	4	1	500	472	2.8159385710023344	0.0075471330201253295	0.9752388219640125	0.043609782005660236
10	4	1	500	624	4.363819184014574	0.010384997993241996	0.9762653049838264	0.00917888802359812
10	4	1	500	601	3.0382653569977265	0.010278926987666637	1.0786621599982027	0.012248581973835826
10	4	1	500	614	4.326377358986065	0.010613257996737957	0.9901437750086188	0.01052683501620777
10	4	1	500	502	2.9839161269774195	0.0094800429942552	0.9529639040119946	0.008858337998390198
10	4	1	500	454	2.8586760140024126	0.008521715993992984	1.1743524110061117	0.004334891011239961
10	4	1	500	496	2.9591640169965103	0.00961395597551018	1.061902371031465	0.013265847985167056
10	4	1	500	563	13.016555056005018	0.009519561979686841	1.1152362849970814	0.09560706099728122
10	4	1	500	575	5.688634980004281	0.009979135007597506	0.9716681960271671	0.01216184301301837
10	4	1	500	555	2.958563154010335	0.009870737994788215	1.0775293999759015	0.0037924130156170577
10	4	1	500	639	4.330338585015852	0.009856439981376752	1.14283109101234	0.010902453010203317
10	4	1	500	524	2.797553407988744	0.009640741016482934	1.6761714720050804	0.08867631698376499
10	4	1	500	515	2.930772644991521	0.010217809001915157	2.1791384140378796	8.722898498992436
10	4	1	500	510	4.290960248996271	0.009218255989253521	1.0855024619959295	0.012141357990913093
10	4	1	500	610	4.351933280006051	0.011221350985579193	1.3971698049863335	0.00848028899054043
10	4	1	500	573	2.967467287002364	0.010471057990798727	1.6518819659540895	0.008564803982153535
10	4	1	500	529	12.988234366988763	0.009425817028386518	1.8473292159906123	0.10920476898900233
10	4	1	500	554	4.128125565010123	0.010952593002002686	2.0633655590354465	0.8111581949924584
10	4	1	500	486	2.9173348209878895	0.009224114997778088	0.9827874060138129	0.005917280999710783
10	4	1	500	558	2.9839428099803627	0.010688251000829041	1.2345918750215787	0.005952842999249697
10	4	1	500	588	4.242198302003089	0.00951924899709411	1.0154465539962985	0.007588058011606336
10	4	1	500	641	3.0311095060023945	0.011014960007742047	1.1068090780172497	0.012621378002222627
10	4	1	500	479	2.904421278013615	0.009263587999157608	2.0637858070258517	1.4220785869983956
10	4	1	500	551	3.880925389996264	0.008781518990872428	1.157585240987828	0.01231679500779137
10	4	1	500	594	3.06308655400062	0.01120433199685067	1.0816050589783117	0.009641778015065938
10	4	1	500	598	4.348559884005226	0.010572466009762138	0.9234292789769825	0.005810925998957828
10	4	1	500	454	2.959612408973044	0.008885952993296087	2.0351271339750383	0.46982674099854194
10	4	1	500	563	12.562615706992801	0.009399117989232764	1.8159025289933197	0.38955515398993157
10	4	1	500	583	4.3551900570164435	0.010200411983532831	1.3554245079867542	0.005488697002874687
10	4	1	500	496	2.8920952140178997	0.00863639498129487	1.0906491600035224	0.006829404010204598
10	4	1	500	570	2.836127193993889	0.00931412901263684	1.787115435989108	0.016224727005464956
10	4	1	500	591	2.956456210988108	0.009065145015483722	1.195985141035635	0.010439944977406412
10	4	1	500	643	13.037572379980702	0.009814486984396353	0.9920571550028399	0.01649771601660177
10	4	1	500	502	3.0166201760002878	0.00920346801285632	1.0743021439993754	0.008688649977557361
10	4	1	500	559	2.9455358650011476	0.010484302008990198	1.2053266940056346	0.007623079989571124
10	4	1	500	559	4.279332209989661	0.010351470002206042	1.075325895973947	0.004929226008243859
10	4	1	500	619	4.355666415998712	0.010489687992958352	1.6422296189703047	0.014756799006136134
10	4	1	500	628	3.0298586990102194	0.01084304298274219	1.0425355650368147	0.009890252986224368
10	4	1	500	474	2.888932586996816	0.008549931982997805	1.0628210630384274	0.007373817003099248
10	4	1	500	446	2.9275337629951537	0.009100276016397402	1.3467222830222454	1.2339543449925259
10	4	1	500	576	3.023740227014059	0.010005572024965659	1.1012803580088075	0.0077500670158769935
10	4	1	500	540	2.965490561007755	0.009640249016229063	1.0396040249906946	0.010921401000814512
10	4	1	500	499	13.361368234007386	0.009860029007541016	1.7713403460220434	0.12393869899096899
10	4	1	500	483	2.8858307610207703	0.009916466020513326	1.4549008339818101	0.0650485829974059
10	4	1	500	573	4.315211189998081	0.01008170799468644	1.7202698600303847	0.24177880401839502
10	4	1	500	633	2.7474710599926766	0.00970460899407044	1.0982167519978248	0.0037444420158863068
10	4	1	500	529	2.981143404991599	0.009441110014449805	1.0900612199911848	0.008089142997050658
10	4	1	500	518	2.932733501016628	0.010418293008115143	1.7056441040476784	2.4076172249915544
10	4	1	500	475	2.8817855049856007	0.008331428020028397	1.1061614970094524	0.09896014700643718
10	4	1	500	446	1.5467194360098802	0.008229572005802765	1.1777513670094777	0.003045721008675173
10	4	1	500	545	2.985601142019732	0.009701214992674068	1.3712245350179728	0.044347046001348644
10	4	1	500	587	2.9327451410063077	0.008856385975377634	1.002279158012243	0.007461970002623275
10	4	1	500	620	3.0481251459859777	0.010786739003378898	0.991896480001742	0.007710400008363649
10	4	1	500	559	2.9193709069804754	0.00902686599874869	1.5234594630019274	0.01110007899114862
10	4	1	500	559	2.9823776190169156	0.008911616983823478	1.0432004519971088	0.01248259999556467
10	4	1	500	507	2.9390738980146125	0.010135839984286577	1.9772957270615734	6.754494214983424
10	4	1	500	454	1.511803500005044	0.007557443983387202	1.1033870030078106	0.006870621000416577
10	4	1	500	625	4.385389600996859	0.011142773990286514	1.4088398960011546	0.01703475200338289
10	4	1	500	479	2.8651696399901994	0.00905179200344719	1.0721421720227227	0.0070399679825641215
10	4	1	500	533	2.957661830005236	0.009832998999627307	1.619109416991705	0.10179503701510839
10	4	1	500	614	3.0482957570056897	0.010374254983616993	1.083938704978209	0.012169241992523894
10	4	1	500	581	3.037157932005357	0.010740031983004883	1.5195776219770778	0.014322884991997853
10	4	1	500	576	4.297088508988963	0.01101848398684524	2.0922922860481776	0.01244791698991321
10	4	1	500	444	1.5507593840011396	0.007830590009689331	1.1898423940001521	0.010353410994866863
10	4	1	500	584	2.9759675840032287	0.010265569988405332	1.5655080430442467	0.012464206985896453
10	4	1	500	480	2.808523685002001	0.009398335998412222	1.2867951429798268	0.04898049298208207
10	4	1	500	577	2.9394059240003116	0.010577592998743057	1.5140641660254914	0.007712694990914315
10	4	1	500	555	2.9912077490007505	0.010018498986028135	1.0778292999893893	0.016996513004414737
10	4	1	500	453	2.7433547300170176	0.00902200400014408	1.5469041119795293	0.09995737500139512
10	4	1	500	482	2.8749013470078353	0.008906842995202169	1.0012294039770495	0.008498816983774304
10	4	1	500	634	4.180703804013319	0.00970224299817346	1.0091586310009006	0.012453076982637867
10	4	1	500	524	2.884088102990063	0.009413580992259085	1.970144368999172	3.859688828990329
10	4	1	500	575	2.9716633499774616	0.009010715002659708	1.682322419976117	0.007529234979301691
10	4	1	500	574	3.0067497419950087	0.010639297979651019	1.5411831640230957	0.009760509012266994
10	4	1	500	618	3.028250247007236	0.009746117983013391	1.417136987001868	0.014464488020166755
10	4	1	500	545	2.9242176809930243	0.010656062979251146	0.9997245929844212	0.007568558008642867
10	4	1	500	565	12.49777541300864	0.009208527015289292	1.1298817180213518	0.06323933397652581
10	4	1	500	626	13.136445209995145	0.009623232006561011	1.0121906790009234	0.012575104978168383
10	4	1	500	538	2.9665849290031474	0.009911066008498892	0.9740826880151872	0.007600648998050019
10	4	1	500	462	2.847153217997402	0.008829897997202352	1.0444777270022314	0.0033051449863705784
10	4	1	500	582	2.9508405789965764	0.009331220993772149	2.1891769409994595	0.026653036999050528
10	4	1	500	616	3.058677943976363	0.011064325022744015	1.735175767011242	0.09950584298348986
10	4	1	500	540	2.948374200001126	0.01011760500841774	1.316346594976494	0.008784370991634205
10	4	1	500	617	4.3556188470101915	0.01122084801318124	1.6576154399954248	0.009653601999161765
10	4	1	500	616	3.052669224998681	0.008798250986728817	1.0768739050254226	0.009703710995381698
10	4	1	500	443	1.557082370010903	0.008762921002926305	1.135710211994592	0.004154325986746699
10	4	1	500	632	4.261880209000083	0.010491355002159253	1.2474700650200248	0.09854737200657837
10	4	1	500	529	2.9813171070127282	0.010390980023657903	1.6587539589963853	0.0790243319934234
10	4	1	500	620	4.296916930004954	0.010968064016196877	1.70350885897642	0.013948545005405322
10	4	1	500	611	3.033969204989262	0.009650737018091604	1.4886461490532383	0.014953405014239252
10	4	1	500	508	2.9342211069888435	0.00939469100558199	0.924325179978041	0.005419720982899889
10	4	1	500	552	2.996221119974507	0.011215175996767357	1.9145575680304319	1.0193016449920833
10	4	1	500	550	2.9964740140130743	0.010244581004371867	1.4461660009692423	0.1972245390061289
10	4	1	500	536	2.9964886369998567	0.010506824997719377	1.8333001869905274	0.013561986008426175
10	4	1	500	545	2.9568906909844372	0.010777821997180581	1.6067895879677963	0.16564207599731162
10	4	1	500	542	2.9815221049939282	0.0103255879948847	1.052239690994611	0.007640601019375026
10	4	1	500	592	12.894955358002335	0.011387915001250803	1.692666870978428	0.013863463012967259
10	4	1	500	618	3.039614362991415	0.010964671993860975	0.9449198649963364	0.00763495999854058
10	4	1	500	548	12.483647054992616	0.011109733983175829	1.9456954989873338	0.15883039400796406
10	4	1	500	609	3.065076658007456	0.010819757997523993	1.0773569779994432	0.13193523898371495
10	4	1	500	485	4.26071502501145	0.009926461993018165	1.712554745055968	1.022844018007163
10	4	1	500	589	13.006752765999408	0.010234654997475445	1.67331953701796	0.014792052010307088
10	4	1	500	477	2.910572607012	0.008502040000166744	1.29335914098192	0.048971407988574356
10	4	1	500	599	3.0556807660032064	0.011359208991052583	1.9050958050065674	0.013871207978809252
10	4	1	500	630	4.346785297006136	0.01134247999289073	0.9989117859804537	0.019375848001800478
10	4	1	500	639	12.702131933998317	0.011349923006491736	1.0743607280019205	0.012509570980910212
10	4	1	500	606	4.305270457989536	0.009876366006210446	0.957407453970518	0.014710717980051413
10	4	1	500	494	2.9109605999838095	0.009600323013728485	1.067793721013004	0.007738854008493945
10	4	1	500	428	2.8847569930076133	0.009082335978746414	1.2798505390237551	0.04899676502100192
10	4	1	500	499	2.9939301290141884	0.009523935994366184	1.0903840149985626	0.00988439199863933
10	4	1	500	633	3.06993609998608	0.01111466801376082	1.5133686560147908	0.02003428401076235
10	4	1	500	439	2.9143198920064606	0.008917545987060294	2.045918679010356	1.1146592219884042
10	4	1	500	606	3.0515463759948034	0.01101976798963733	1.737107113993261	0.009060872020199895
10	4	1	500	547	12.52884744599578	0.010180814017076045	2.1325935879722238	0.7540676739881746
10	4	1	500	446	1.547212044999469	0.008205663005355746	0.9743959070183337	0.006654750002780929
10	4	1	500	559	3.019602162006777	0.010383168002590537	0.9764480530284345	0.009036065981490538
10	4	1	500	529	2.902493179019075	0.010460577992489561	1.7894372909795493	0.07556453900178894
10	4	1	500	596	3.000749850005377	0.010966408997774124	1.1134036119910888	0.007666747987968847
10	4	1	500	626	4.304464132001158	0.010156128002563491	1.569810362008866	0.012635510007385164
10	4	1	500	530	2.9556573560112156	0.008762981015024707	0.9232783339975867	0.006318621977698058
10	4	1	500	531	2.9388334050017875	0.011172562022693455	2.267320553015452	6.044300838984782
10	4	1	500	542	3.007199927000329	0.009744700975716114	0.9952054570021573	0.007519725011661649
10	4	1	500	633	3.0663274610124063	0.011431632010499015	1.0894836010411382	0.007722656999249011
10	4	1	500	520	12.7390095719893	0.009038837975822389	1.8185654240078293	1.5057669389934745
10	4	1	500	534	12.586639107001247	0.009285181993618608	2.040062682062853	4.092553834983846
10	4	1	500	613	3.0493613140133675	0.009800772997550666	1.1038641300110612	0.00806787601322867
10	4	1	500	534	2.9533883719996084	0.009694776003016159	2.098752453981433	0.6428471810068004
10	4	1	500	498	3.9785740050137974	0.008374293014639989	1.418259129015496	0.12441899901023135
10	4	1	500	509	2.930286822025664	0.010122477979166433	1.9419421579805203	4.797244432003936
10	4	1	500	576	3.0095232210005634	0.009658584021963179	1.5282428420032375	0.009400323004228994
10	4	1	500	478	2.811253970983671	0.009385596989886835	1.4473823359876405	1.370879235008033
10	4	1	500	579	12.480850301013561	0.009721457987325266	1.9974891879828647	0.27120595501037315
10	4	1	500	599	4.154820584022673	0.009876483993139118	1.4798365199822001	0.009902251971652731
10	4	1	500	519	2.9351876369910315	0.010164281993638724	2.0166727380128577	0.41087693799636327
10	4	1	500	527	12.716847034986131	0.0102173020131886	1.1683166929869913	0.008539143018424511
10	4	1	500	609	4.37262805600767	0.01105792899033986	1.651995799940778	0.012470604007830843
10	4	1	500	593	2.935434367012931	0.009416787012014538	1.9142462570162024	0.01826589199481532
10	4	1	500	389	2.684575154009508	0.007267619977938011	0.8958412490028422	0.011833377997390926
10	4	1	500	570	12.878533112001605	0.010026963980635628	1.382489619019907	0.1605394739890471
10	4	1	500	529	2.9300058770168107	0.010044274007668719	1.3323023270058911	0.3704320369870402
10	4	1	500	450	2.941500704997452	0.008519800991052762	1.5877419000025839	0.08672370202839375
10	4	1	500	622	4.237932766001904	0.009868822002317756	1.460068743006559	0.013147623976692557
10	4	1	500	539	4.316081674012821	0.010684776003472507	1.9165768719976768	0.7234429679811001
10	4	1	500	480	2.8924649129912723	0.00798493399634026	0.898248103010701	0.003282400983152911
10	4	1	500	603	4.244604366016574	0.00937213099678047	0.956882072990993	0.009883028018521145
10	4	1	500	479	2.892627615015954	0.008574042993132025	1.3822888860013336	1.345233763975557
10	4	1	500	477	2.88785376001033	0.008668233000207692	1.0930420770018827	0.006734112015692517
10	4	1	500	522	4.183034549001604	0.010029250988736749	1.9600562150008045	3.6505482509965077
10	4	1	500	511	4.264436655997997	0.010224836994893849	1.140415496978676	0.00838052001199685
10	4	1	500	507	2.9542903850087896	0.009996980981668457	1.8939488460309803	0.13659634298528545
10	4	1	500	591	4.367604973987909	0.010544447985012084	1.0128549249784555	0.005483215005369857
10	4	1	500	534	2.8128985709918197	0.009203161986079067	1.9291180260188412	0.10381248098565266
10	4	1	500	601	4.260210106003797	0.010866875993087888	1.136225883004954	0.020729051990201697
10	4	1	500	572	3.0043904460035264	0.010556574998190627	1.021292919991538	0.005705670017050579
10	4	1	500	479	2.8893997450068127	0.008940046973293647	1.0543116519984324	0.007589343003928661
10	4	1	500	598	3.0593236230197363	0.010593941988190636	1.1217177050129976	0.00836853199871257
10	4	1	500	616	4.273939406994032	0.009641418000683188	1.135669928014977	0.01459533700835891
10	4	1	500	525	2.951162627985468	0.009670450002886355	1.1657247219991405	0.007623487006640062
10	4	1	500	556	2.970218714006478	0.009961149975424632	1.2312314760056324	0.006743997015291825
10	4	1	500	534	2.937813051015837	0.009275908989366144	1.5828976369812153	1.017750219994923
10	4	1	500	633	4.310861604986712	0.010969066002871841	1.1433672699786257	0.03332234302069992
10	4	1	500	554	2.9947928299952764	0.009348872990813106	1.3151650390354916	0.008850867016008124
10	4	1	500	607	3.0440244450001046	0.010726910026278347	1.6840281400072854	0.009641090990044177
10	4	1	500	623	3.0902871479920577	0.010951277014100924	1.0115811129799113	0.0064334580092690885
10	4	1	500	606	3.044335354003124	0.01100726201548241	1.304222161998041	0.018787761975545436
10	4	1	500	586	2.9815325920062605	0.010531203995924443	0.976129710994428	0.023698328994214535
10	4	1	500	627	4.295083246019203	0.011805388989159837	1.7952084430144168	0.008573010010877624
10	4	1	500	604	4.208030319015961	0.009830341004999354	1.5887281970062759	0.01413348299684003
10	4	1	500	636	3.0637370309850667	0.011397085996577516	1.6546846629935317	0.013958009018097073
10	4	1	500	592	2.8412809609726537	0.009659889998147264	2.099252335028723	0.0100575830147136
10	4	1	500	581	2.999899372982327	0.010618770000291988	1.056879542011302	0.006382355990353972
10	4	1	500	567	2.994332194997696	0.010655514983227476	1.4794938389968593	0.0122493660019245
10	4	1	500	533	2.877272532990901	0.008822803996736184	0.9224250219995156	0.0070552580000367016
10	4	1	500	487	2.8154711929964833	0.008157631003996357	1.1156202939746436	0.0032495500054210424
10	4	1	500	454	2.886167744989507	0.00883770699147135	1.0929275630041957	0.003614786983234808
10	4	1	500	570	3.0482065359828994	0.011533349985256791	1.06790162899415	0.009651742002461106
10	4	1	500	487	2.9287213100178633	0.009474256017711014	0.9709847530175466	0.007574946008389816
10	4	1	500	614	4.319221812009346	0.010092695010825992	1.7045263870095368	0.0057730620028451085
10	4	1	500	515	2.9186406410008203	0.009687475016107783	0.8709994679957163	0.006678338017081842
10	4	1	500	611	3.065530765976291	0.011074860987719148	1.56177097701584	0.01068353999289684
10	4	1	500	586	13.171824549004668	0.009504935995209962	1.0956136409658939	0.007764423004118726
10	4	1	500	609	13.175155430013547	0.009720899019157514	0.9866688780311961	0.003364316013175994
10	4	1	500	597	3.021160091011552	0.01091166099649854	1.1321906329831108	0.007450110017089173
10	4	1	500	571	12.98008638000465	0.00968662800733	1.0093213329964783	0.00695373400230892
10	4	1	500	538	4.23828046998824	0.011564603017177433	2.232482618012	12.03997405100381
10	4	1	500	549	3.039667732984526	0.009529458999168128	1.1606713280198164	0.005973959021503106
10	4	1	500	538	2.9476466790074483	0.010543607990257442	1.5236551409761887	0.012087139009963721
10	4	1	500	449	1.545789904979756	0.007794425007887185	1.061772284010658	0.003916476009180769
10	4	1	500	581	3.0942311309918296	0.010833000007551163	1.0818766709999181	0.009642104007070884
10	4	1	500	481	2.899066412006505	0.01032534401747398	1.330491543019889	0.5456911959918216
10	4	1	500	455	2.894044228014536	0.008656752004753798	1.9222045430215076	5.35137168498477
10	4	1	500	600	5.743296305008698	0.010016237996751443	1.057412692985963	0.01207770299515687
10	4	1	500	446	1.445283888024278	0.007915461988886818	1.2190515270049218	0.004189772997051477
10	4	1	500	465	4.209494858980179	0.00850209200871177	1.6839454070141073	0.3212613530049566
10	4	1	500	549	2.9082581639813725	0.009564115025568753	1.4967496449826285	0.43091366699081846
10	4	1	500	545	2.9893753259966616	0.011540036008227617	2.1425845470512286	2.72117007401539
10	4	1	500	477	2.8140809609903954	0.008074456010945141	1.3261978969967458	0.24926710699219257
10	4	1	500	424	2.6148948490154	0.008298177999677137	1.0799915899988264	0.12397533201146871
10	4	1	500	492	2.9610963860177435	0.009749731019837782	1.0775771969929338	0.007343467004830018
10	4	1	500	626	3.03487949600094	0.011366507009370252	1.0293420639936812	0.007644723023986444
10	4	1	500	549	4.32646496000234	0.011399365001125261	2.4075463419721927	0.9586362279951572
10	4	1	500	464	2.90144032399985	0.009134040999924764	1.1431042589829303	0.06801047999761067
10	4	1	500	571	2.9079236229881644	0.011766709008952603	1.7860300230095163	0.009830235008848831
10	4	1	500	558	4.259947440994438	0.011054962989874184	2.158431679039495	1.8708529029972851
10	4	1	500	601	13.203940264997073	0.010355234000599012	1.0876711999881081	0.014941391011234373
10	4	1	500	509	2.9648782479926012	0.010032604011939839	1.2135455200041179	0.00870773897622712
10	4	1	500	518	4.241967010020744	0.009549877024255693	1.9641929900099058	3.5629533730098046
10	4	1	500	617	4.283383074012818	0.010099426988745108	1.5205111879913602	0.014932073012460023
10	4	1	500	564	4.211169799993513	0.010869282996281981	1.3332924130081665	0.012375817022984847
10	4	1	500	440	1.5202299729862716	0.008602670015534386	1.0104673900059424	0.0019496400200296193
10	4	1	500	605	3.0880968999990728	0.01188402299885638	1.4442488819768187	0.009619716991437599
10	4	1	500	611	3.0572972029913217	0.011469159013358876	0.974339793989202	0.007975018990691751
10	4	1	500	632	12.911064952000743	0.010284552001394331	1.0715123510162812	0.018357284017838538
10	4	1	500	561	3.0265410559950396	0.01023502301541157	1.237657649005996	0.012197973002912477
10	4	1	500	633	3.009404592012288	0.010190542001510039	1.0496221499925014	0.014555742993252352
10	4	1	500	445	1.5505976479907986	0.007778837985824794	0.8910986839910038	0.004068523005116731
10	4	1	500	619	3.078674594988115	0.011259416991379112	1.3403789679869078	0.019390914996620268
10	4	1	500	521	2.930743672011886	0.010835544002475217	1.8894263179972768	0.0915222879848443
10	4	1	500	574	2.966858386003878	0.010856335022253916	1.1793430279940367	0.00834462299826555
10	4	1	500	601	3.0403111510095187	0.011486865987535566	1.1423198120319284	0.005629713006783277
10	4	1	500	447	1.5599039869848639	0.008921600005123764	0.8829584710183553	0.003308102983282879
10	4	1	500	572	2.999571502004983	0.011057055002311245	1.5796664920053445	0.013637215015478432
10	4	1	500	557	2.9400741340068635	0.010824893019162118	1.6358574899786618	0.12235222701565363
10	4	1	500	568	13.025597816013033	0.010151246999157593	1.9541184429835994	0.019989438995253295
10	4	1	500	531	2.9191285530105233	0.01016307799727656	0.9506395010394044	0.003405480005312711
10	4	1	500	467	2.823683191993041	0.009642730990890414	1.054293081018841	0.0036826669820584357
10	4	1	500	583	2.9955486910184845	0.011295334988972172	0.9328895549988374	0.007743666006717831
10	4	1	500	502	2.9295524210028816	0.011584923980990425	1.1530075269984081	0.23102602799190208
10	4	1	500	547	2.789366750017507	0.009731124009704217	1.4431940219656099	0.009667745005572215
10	4	1	500	433	4.229669527005171	0.009642832999816164	1.7671491020009853	1.9930433770059608
10	4	1	500	644	4.375946117012063	0.012525650003226474	1.0644007020164281	0.012792171008186415
10	4	1	500	583	2.9615388349920977	0.010867864999454468	1.2043273780145682	0.009884155006147921
10	4	1	500	533	2.8093269800010603	0.009410740021849051	2.1395632359490264	2.242274087999249
10	4	1	500	595	4.298950548021821	0.01120700899627991	1.0376551410008688	0.014873720007017255
10	4	1	500	629	2.9888609270274173	0.010495513997739181	1.3750306540168822	0.012575272005051374
10	4	1	500	576	3.0107761730032507	0.010921495006186888	1.6385667790309526	0.009741121000843123
10	4	1	500	617	2.9779263219970744	0.011244201014051214	1.0113371259940322	0.0038218559930101037
10	4	1	500	451	1.5509401769959368	0.009308424982009456	0.9877057510020677	0.002875011006835848
10	4	1	500	536	2.9499487209832296	0.010888844000874087	1.0292240569833666	0.003339299000799656
10	4	1	500	635	12.747854966990417	0.010666780988685787	1.0719916349917185	0.007256648008478805
10	4	1	500	604	4.246480986010283	0.011265742999967188	1.1382290449982975	0.009924292011419311
10	4	1	500	554	2.9764894999971148	0.010095659003127366	0.8462663050158881	0.004849388002185151
10	4	1	500	491	2.8376048350182828	0.008535674016457051	0.864811063016532	0.006630632997257635
10	4	1	500	538	3.0035783979983535	0.011101276002591476	2.1051395869872067	0.9013961459859274
10	4	1	500	547	2.992174074985087	0.011346810992108658	1.6171077850158326	0.16866849799407646
10	4	1	500	627	4.4206048820051365	0.011664539983030409	1.2016455980192404	0.031805998005438596
10	4	1	500	453	1.5601200929959305	0.008833050000248477	0.9727033560047857	0.0036035939992871135
10	4	1	500	564	13.191690700972686	0.010232214990537614	1.4702438359963708	0.12911395300761797
10	4	1	500	464	2.970061483007157	0.009491969016380608	1.0283661120047327	0.013822453009197488
10	4	1	500	624	12.844324522011448	0.009950563020538539	1.6239159340038896	0.013897758995881304
10	4	1	500	395	2.8360068699985277	0.007221012987429276	1.0673004839918576	0.06593721397803165
10	4	1	500	542	2.9650872310157865	0.010811369022121653	1.4485217019973788	0.1035023930016905
10	4	1	500	557	2.9898133389942814	0.010031478013843298	1.4237461159646045	0.007583173020975664
10	4	1	500	453	1.5336412829929031	0.008868904988048598	1.234075897024013	0.009367303980980068
10	4	1	500	608	4.355095234001055	0.011245603003771976	0.9424213100282941	0.005336206988431513
10	4	1	500	559	12.583555295015685	0.010131043003639206	1.9773716209747363	1.0972806280187797
10	4	1	500	542	2.8986177899932954	0.01013572802185081	2.256993254966801	13.368114696990233
10	4	1	500	614	3.007693975989241	0.009821304003708065	1.1203859139641281	0.00758008798584342
10	4	1	500	498	2.9573180089937523	0.011196065985132009	1.7439366840117145	1.1237371739989612
10	4	1	500	629	4.359192274016095	0.012047603988321498	1.0323613559885416	0.012463477993151173
10	4	1	500	559	2.9986861149955075	0.009616379014914855	0.9705972149968147	0.003721351007698104
10	4	1	500	453	1.55617496202467	0.009266754990676418	1.3605299579794519	0.007526076980866492
10	4	1	500	602	4.2205828959995415	0.010113173018908128	1.3681429419957567	0.01128053999855183
10	4	1	500	600	13.00777826400008	0.010160731006180868	1.5168314859620295	0.014032903010956943
10	4	1	500	597	4.2151622230012435	0.00998858900857158	1.554539584001759	0.01466291700489819
10	4	1	500	582	3.0000388479966205	0.011168019991600886	1.0489978620025795	0.006409505003830418
10	4	1	500	554	3.0007726449985057	0.009873381990473717	1.6668821580242366	0.009072949993424118
10	4	1	500	613	3.045086653000908	0.011518587009049952	1.1148291970021091	0.10393401200417429
10	4	1	500	618	4.155814208992524	0.01213655702304095	1.045943374017952	0.01474815301480703
10	4	1	500	541	2.9791910409985576	0.009422281000297517	0.8577464970003348	0.005652691004797816
10	4	1	500	530	2.9411024220171385	0.010643835994414985	1.8077669519989286	0.11039039300521836
10	4	1	500	451	2.907618099008687	0.00929691398050636	1.1850900309800636	0.009833339980104938
10	4	1	500	485	2.9016671949939337	0.010422043007565662	1.407971901993733	0.3466817059961613
10	4	1	500	613	12.953077666985337	0.010399221995612606	1.4363776690152008	0.008411824994254857
10	4	1	500	518	2.932586398004787	0.01067061600042507	1.845700662001036	0.6094522759958636
10	4	1	500	457	2.8965085620002355	0.00907138199545443	1.0898636859783437	0.01217047098907642
10	4	1	500	624	4.152245892997598	0.010576556000160053	1.8673173740098719	0.016928580997046083
10	4	1	500	572	2.971950081002433	0.010809947998495772	1.3703929520270322	0.09460900598787703
10	4	1	500	596	2.92897389101563	0.010284950985806063	1.5685075680084992	0.005313983972882852
10	4	1	500	563	2.9703474910056684	0.010245759011013433	1.6337966580176726	0.011290052003460005
10	4	1	500	566	2.9934876729967073	0.011475398001493886	1.4157204790099058	0.01371421100338921
10	4	1	500	601	13.13084668200463	0.011751665995689109	1.5183386400167365	0.013705159013625234
10	4	1	500	459	12.143966991017805	0.00803902800544165	1.1918490519747138	0.0071344329917337745
10	4	1	500	629	13.1609067840036	0.010685373999876902	1.6944754619908053	0.01422036299481988
10	4	1	500	507	2.9435488029848784	0.010989804024575278	1.4320345090527553	0.34523301702574827
10	4	1	500	459	2.9737419419980142	0.009507643000688404	1.2092169020033907	0.008236449997639284
10	4	1	500	555	13.41270370001439	0.009912558016367257	1.8566032520029694	0.5861065610079095
10	4	1	500	493	2.9069178710051347	0.01023267800337635	1.0224814009852707	0.006247053999686614
10	4	1	500	561	2.930050372000551	0.010397192992968485	1.6397612709843088	0.009002298989798874
10	4	1	500	616	13.104377640993334	0.01036567401024513	0.9852382889948785	0.014997192978626117
10	4	1	500	534	2.984243498009164	0.011375682981451973	2.0129386910703033	1.4718220060167369
10	4	1	500	543	2.8016711059899535	0.009546814020723104	1.6241759059485048	0.19644537300337106
10	4	1	500	552	3.0058228929992765	0.010963225009618327	1.467972230981104	0.10753356499481015
10	4	1	500	626	3.0443248090159614	0.011979465984040871	1.5136108070146292	0.0054753659933339804
10	4	1	500	608	4.37646940400009	0.011882597988005728	1.589519336965168	0.014747148001333699
10	4	1	500	590	3.044361056992784	0.011745171010261402	1.962591004994465	0.009682680974947289
10	4	1	500	368	12.677362862013979	0.007362459000432864	1.016815144015709	0.0035858959890902042
10	4	1	500	628	4.33925470901886	0.011784994014305994	1.603124163026223	0.013905928994063288
10	4	1	500	529	2.9133476440038066	0.0114299519918859	2.495059345033951	13.573950472986326
10	4	1	500	619	12.586678702005884	0.011387574981199577	1.7258537900343072	0.007921773998532444
10	4	1	500	542	13.07135382501292	0.009780880995094776	1.4368562870076858	0.013880105980206281
10	4	1	500	571	2.962905319989659	0.010028888005763292	1.0429626889817882	0.008984834013972431
10	4	1	500	423	2.902487046987517	0.00951085501583293	1.7492031179717742	0.5436930809810292
10	4	1	500	461	2.8553276929887943	0.009192906989483163	1.0147074979904573	0.006768293998902664
10	4	1	500	520	12.500527057010913	0.009905537008307874	1.8666433700418565	5.352100304007763
10	4	1	500	543	3.1675322630035225	0.00960913801100105	1.0162748590228148	0.00532496499363333
10	4	1	500	588	3.0139611460035667	0.011634668975602835	1.0580250039929524	0.007688099984079599
10	4	1	500	478	2.9676089310087264	0.009820356004638597	1.3040109089924954	0.008944572997279465
10	4	1	500	590	3.022740863991203	0.00946568200015463	1.1681456660153344	0.08263235198683105
10	4	1	500	526	4.2090458539896645	0.008856272004777566	1.04419671400683	0.012160799000412226
10	4	1	500	627	3.092913859989494	0.009537758014630526	1.1104754279949702	0.007513694989029318
10	4	1	500	575	4.279081385990139	0.01190839899936691	2.151872809015913	0.3853671429969836
10	4	1	500	599	3.0631765720027033	0.011781556997448206	2.1343297970015556	0.10789023397956043
10	4	1	500	474	2.866688942973269	0.010127842018846422	0.8364205600228161	0.0033778850047383457
10	4	1	500	604	3.006995024974458	0.011878463992616162	1.5187027410138398	0.008962377993157133
10	4	1	500	630	4.307594785990659	0.012541985983261839	0.8927076359977946	0.019391150010051206
10	4	1	500	615	4.225579218007624	0.009037019975949079	1.0367141960014123	0.019066245993599296
10	4	1	500	627	3.0760430679947603	0.011724292999133468	1.2523096649965737	0.007747976982500404
10	4	1	500	639	2.81932883799891	0.012187371001346037	0.9718765300058294	0.007928676001029089
10	4	1	500	623	3.037335061992053	0.011561224004253745	0.7791610349959228	0.0078960339887999
10	4	1	500	627	4.356968707987107	0.011961193988099694	1.6261202410096303	0.01522437302628532
10	4	1	500	611	2.9466919520054944	0.011609273991780356	1.0259553579962812	0.0038038869970478117
10	4	1	500	641	12.385700031998567	0.010697101010009646	0.9947881499829236	0.015930238994769752
10	4	1	500	614	2.976217067014659	0.008872339996742085	0.9511492070159875	0.009797372011234984
10	4	1	500	616	3.057515133987181	0.012042115005897358	1.2623880739847664	0.010500125004909933
10	4	1	500	489	2.9261861580016557	0.010789091989863664	2.2415006310038734	3.4983711820095778
10	4	1	500	475	2.879749344981974	0.010140176018467173	1.2817149129987229	0.003624073986429721
10	4	1	500	453	4.048831349995453	0.008101683022687212	1.3655764950090088	0.1487584009882994
10	4	1	500	621	4.341276246996131	0.009570235997671261	1.041849869012367	0.013755799998762086
10	4	1	500	590	13.274892788991565	0.010476656025275588	1.366612447949592	0.006346102978568524
10	4	1	500	460	2.8871194300008938	0.008596767991548404	1.2233978809672408	0.13751668701297604
10	4	1	500	455	4.288140680000652	0.00896982999984175	1.917599939974025	0.31130917801056057
10	4	1	500	557	4.266156053985469	0.011326620006002486	2.126274002948776	0.402452627022285
10	4	1	500	556	12.461468765017344	0.0090519429941196	1.3752554380043875	0.009627166989957914
10	4	1	500	620	3.028393751999829	0.010753487993497401	1.5728492950147483	0.00996336099342443
10	4	1	500	620	3.064784399000928	0.010407547000795603	0.955155650008237	0.009665371995652094
10	4	1	500	483	2.8640514290018473	0.008198374998755753	1.3892662370344624	0.28941776597639546
10	4	1	500	556	2.9735319939791225	0.01018624598509632	1.4055224279873073	0.00871393398847431
10	4	1	500	522	12.540786844998365	0.009674672997789457	1.534805520932423	1.6069065319898073
10	4	1	500	575	3.0260171290137805	0.010164071019971743	1.1281474560091738	0.0077156109909992665
10	4	1	500	528	2.923498260002816	0.008786092017544433	0.98476053198101	0.04985297698294744
10	4	1	500	546	2.9130472499819007	0.0099523390235845	1.0031710310140625	0.006327028997475281
10	4	1	500	510	2.8908090309996624	0.009489048010436818	1.0817189059744123	0.00621422499534674
10	4	1	500	577	3.0099470260029193	0.00987252700724639	1.1295175879786257	0.012365678994683549
10	4	1	500	608	3.0576390710193664	0.010433690011268482	1.118779369018739	0.016267066996078938
10	4	1	500	482	2.926711832988076	0.008877344022039324	1.5469365360040683	1.097161825018702
10	4	1	500	465	2.745023490017047	0.008905845985282212	1.1275077699974645	0.102387369988719
10	4	1	500	521	3.0125363260158338	0.009726247983053327	1.129200930998195	0.0037155330064706504
10	4	1	500	573	13.511321528989356	0.010421659011626616	1.1360630060080439	0.009854060015641153
10	4	1	500	461	2.89158590399893	0.008479240001179278	1.237392792972969	0.0075328600069042295
10	4	1	500	623	3.007100631017238	0.010978070000419393	1.014907354983734	0.007580409001093358
10	4	1	500	562	12.955149563000305	0.00921943099820055	1.5373978610150516	0.08039362999261357
10	4	1	500	595	2.961395527003333	0.010621761000948027	0.9620182740036398	0.007599663978908211
10	4	1	500	544	2.9567179690056946	0.010450690984725952	1.9419749380031135	0.32870984700275585
10	4	1	500	525	2.921525441983249	0.00962336000520736	0.9525603149668314	0.003337918984470889
10	4	1	500	563	3.00713099699351	0.010876143001951277	1.0767841819906607	0.003446515998803079
10	4	1	500	422	2.9298118550213985	0.008987163979327306	1.7767410630185623	1.08813433200703
10	4	1	500	532	2.9722147040010896	0.010384979017544538	1.352803299028892	0.26396299598854966
10	4	1	500	617	3.004271540004993	0.011495818995172158	1.0020506479777396	0.046690903021954
10	4	1	500	610	2.995518762007123	0.01071308201062493	1.1167769310122821	0.011303867999231443
10	4	1	500	595	3.0357786809909157	0.010538001981331035	0.8886432590079494	0.018930392019683495
10	4	1	500	629	3.045453364000423	0.011121804011054337	0.9813036419800483	0.00902158097596839
10	4	1	500	577	3.012840518989833	0.010523149016080424	1.0849053020065185	0.007706181000685319
10	4	1	500	584	3.0613462849869393	0.010605081974063069	1.3706828619760927	0.007581265002954751
10	4	1	500	650	3.038182568998309	0.011285548011073843	1.0854271609860007	0.007596101000672206
10	4	1	500	374	2.8549082489917055	0.008037647989112884	1.1485048870381434	0.06977885399828665
10	4	1	500	593	4.266794119990664	0.010057423991383985	1.5282250329910312	0.005778939987067133
10	4	1	500	496	2.929664405004587	0.009915360977174714	1.2725443739909679	0.8974497199815232
10	4	1	500	590	3.0484055500128306	0.010935903002973646	1.6133351869648322	0.00906215698341839
10	4	1	500	594	3.0235701109922957	0.01152196800103411	1.0252754669927526	0.011612017988227308
10	4	1	500	617	4.408240846998524	0.0110720930097159	1.1432742840261199	0.01221828701090999
10	4	1	500	631	13.076587226008996	0.011555559991393238	1.0731955190130975	0.014770487992791459
10	4	1	500	508	2.9351220419921447	0.009665910998592153	2.084092276985757	2.976402006985154
10	4	1	500	454	2.855962856003316	0.008877993008354679	1.2347509379906114	0.003283597994595766
10	4	1	500	606	12.812824455992086	0.010181625984841958	2.064466773008462	0.005472563992952928
10	4	1	500	567	2.93663013598416	0.007985789998201653	1.017831578006735	0.003552354988642037
10	4	1	500	519	2.9294734420254827	0.00842320898664184	0.9486050500127021	0.006136295996839181
10	4	1	500	523	4.401331485976698	0.008546906989067793	1.2153631410037633	0.012131539988331497
10	4	1	500	478	2.935737769003026	0.009102360985707492	1.3026257010060363	0.005735024984460324
10	4	1	500	514	2.9651138960034586	0.010386984009528533	1.5000703330151737	0.47615892501198687
10	4	1	500	554	4.274676885979716	0.010628348973114043	1.3952938419824932	0.01486456100246869
10	4	1	500	570	2.95850932598114	0.010341501008952036	1.2371025900065433	0.007845918997190893
10	4	1	500	551	2.9484105769952293	0.009496157988905907	1.6916353419946972	0.019133750000037253
10	4	1	500	567	2.9232070639845915	0.010522975004278123	1.1029511719825678	0.011079638003138825
10	4	1	500	562	2.8794614679936785	0.009088869992410764	1.0977974669949617	0.007594798982609063
10	4	1	500	502	2.8106910249916837	0.01001159698353149	1.594042008946417	0.8768116020073649
10	4	1	500	522	12.237683965999167	0.009557092998875305	2.095179231982911	3.2525870249955915
10	4	1	500	590	2.9231842159933876	0.010775244008982554	1.4678490770165808	0.009721832990180701
10	4	1	500	602	3.0567070160177536	0.010845362994587049	1.100651769025717	0.01795713498722762
