226.000000 126.000000 191.168000 263.000000
224.000000 126.000000 192.096000 226.000000
228.000000 126.000000 195.808000 216.000000
228.000000 136.000000 178.176000 192.000000
230.000000 136.000000 177.248000 310.000000
228.000000 128.000000 193.024000 511.000000
230.000000 128.000000 192.096000 424.000000
228.000000 130.000000 190.240000 451.000000
230.000000 130.000000 191.168000 425.000000
228.000000 132.000000 179.104000 1002.000000
230.000000 132.000000 178.176000 859.000000
228.000000 134.000000 179.104000 1498.000000
230.000000 134.000000 178.176000 1810.000000
230.000000 174.000000 168.896000 105.000000
228.000000 168.000000 172.608000 112.000000
230.000000 170.000000 167.968000 88.000000
228.000000 170.000000 171.680000 132.000000
230.000000 172.000000 168.896000 146.000000
224.000000 164.000000 175.392000 103.000000
226.000000 166.000000 175.392000 107.000000
228.000000 166.000000 174.464000 83.000000
224.000000 160.000000 174.464000 127.000000
226.000000 162.000000 175.392000 115.000000
224.000000 162.000000 174.464000 111.000000
226.000000 164.000000 174.464000 127.000000
226.000000 136.000000 179.104000 122.000000
226.000000 128.000000 192.096000 448.000000
224.000000 128.000000 193.024000 322.000000
226.000000 130.000000 189.312000 601.000000
224.000000 130.000000 189.312000 795.000000
226.000000 132.000000 180.960000 1176.000000
224.000000 132.000000 181.888000 1248.000000
226.000000 134.000000 180.032000 1153.000000
224.000000 134.000000 181.888000 906.000000
234.000000 126.000000 193.024000 204.000000
232.000000 126.000000 193.024000 204.000000
236.000000 126.000000 193.952000 175.000000
238.000000 126.000000 193.024000 187.000000
238.000000 190.000000 159.616000 81.000000
238.000000 186.000000 160.544000 132.000000
236.000000 186.000000 160.544000 104.000000
238.000000 188.000000 160.544000 131.000000
236.000000 136.000000 173.536000 866.000000
238.000000 136.000000 172.608000 1187.000000
236.000000 138.000000 173.536000 81.000000
238.000000 138.000000 170.752000 122.000000
236.000000 128.000000 192.096000 104.000000
238.000000 128.000000 190.240000 76.000000
236.000000 130.000000 192.096000 352.000000
238.000000 130.000000 192.096000 367.000000
236.000000 132.000000 174.464000 283.000000
238.000000 132.000000 170.752000 156.000000
236.000000 134.000000 173.536000 1699.000000
238.000000 134.000000 172.608000 1533.000000
236.000000 184.000000 162.400000 138.000000
234.000000 180.000000 166.112000 118.000000
234.000000 182.000000 164.256000 82.000000
236.000000 182.000000 164.256000 101.000000
232.000000 176.000000 167.968000 98.000000
234.000000 178.000000 170.752000 92.000000
232.000000 178.000000 165.184000 108.000000
232.000000 174.000000 167.968000 86.000000
234.000000 136.000000 175.392000 668.000000
232.000000 136.000000 176.320000 520.000000
234.000000 128.000000 192.096000 422.000000
232.000000 128.000000 191.168000 100.000000
234.000000 130.000000 192.096000 398.000000
232.000000 130.000000 192.096000 407.000000
234.000000 132.000000 175.392000 416.000000
232.000000 132.000000 176.320000 607.000000
234.000000 134.000000 175.392000 1832.000000
232.000000 134.000000 176.320000 1978.000000
242.000000 126.000000 191.168000 171.000000
240.000000 126.000000 190.240000 167.000000
244.000000 126.000000 191.168000 180.000000
246.000000 126.000000 192.096000 183.000000
240.000000 190.000000 158.688000 103.000000
240.000000 188.000000 158.688000 63.000000
244.000000 136.000000 168.896000 1307.000000
246.000000 136.000000 167.968000 1373.000000
244.000000 138.000000 168.896000 342.000000
246.000000 138.000000 167.040000 467.000000
244.000000 128.000000 192.096000 297.000000
246.000000 128.000000 193.024000 296.000000
244.000000 130.000000 192.096000 342.000000
246.000000 130.000000 193.024000 342.000000
244.000000 134.000000 168.896000 700.000000
246.000000 134.000000 167.968000 516.000000
244.000000 202.000000 153.120000 82.000000
246.000000 204.000000 152.192000 106.000000
246.000000 206.000000 151.264000 82.000000
244.000000 198.000000 153.120000 102.000000
246.000000 200.000000 154.976000 72.000000
244.000000 200.000000 154.976000 124.000000
246.000000 202.000000 151.264000 81.000000
242.000000 196.000000 154.976000 106.000000
244.000000 196.000000 154.976000 61.000000
240.000000 192.000000 157.760000 112.000000
242.000000 194.000000 157.760000 109.000000
240.000000 194.000000 157.760000 93.000000
242.000000 136.000000 170.752000 1241.000000
240.000000 136.000000 170.752000 1230.000000
242.000000 138.000000 169.824000 232.000000
240.000000 138.000000 170.752000 160.000000
242.000000 128.000000 193.024000 208.000000
240.000000 128.000000 191.168000 154.000000
242.000000 130.000000 193.024000 316.000000
240.000000 130.000000 192.096000 340.000000
242.000000 132.000000 170.752000 63.000000
240.000000 132.000000 170.752000 104.000000
242.000000 134.000000 170.752000 932.000000
240.000000 134.000000 171.680000 1197.000000
250.000000 126.000000 192.096000 240.000000
252.000000 126.000000 194.880000 355.000000
252.000000 124.000000 194.880000 54.000000
252.000000 140.000000 165.184000 122.000000
252.000000 136.000000 164.256000 883.000000
254.000000 136.000000 164.256000 699.000000
252.000000 138.000000 164.256000 942.000000
254.000000 138.000000 164.256000 1342.000000
254.000000 140.000000 163.328000 349.000000
252.000000 128.000000 193.024000 378.000000
254.000000 128.000000 192.096000 65.000000
252.000000 130.000000 193.024000 454.000000
254.000000 130.000000 193.024000 604.000000
252.000000 132.000000 191.168000 69.000000
254.000000 132.000000 193.024000 105.000000
252.000000 134.000000 164.256000 80.000000
254.000000 134.000000 165.184000 64.000000
254.000000 222.000000 142.912000 83.000000
254.000000 218.000000 142.912000 127.000000
252.000000 218.000000 141.984000 88.000000
254.000000 220.000000 142.912000 143.000000
252.000000 214.000000 145.696000 154.000000
254.000000 216.000000 144.768000 83.000000
252.000000 216.000000 144.768000 117.000000
248.000000 210.000000 148.480000 114.000000
250.000000 212.000000 145.696000 145.000000
252.000000 212.000000 145.696000 133.000000
250.000000 214.000000 145.696000 119.000000
248.000000 206.000000 150.336000 149.000000
250.000000 208.000000 149.408000 87.000000
248.000000 208.000000 150.336000 146.000000
250.000000 210.000000 146.624000 128.000000
248.000000 204.000000 150.336000 67.000000
250.000000 136.000000 165.184000 1099.000000
248.000000 136.000000 167.040000 1342.000000
250.000000 138.000000 165.184000 767.000000
248.000000 138.000000 166.112000 696.000000
250.000000 128.000000 192.096000 140.000000
248.000000 128.000000 192.096000 434.000000
250.000000 130.000000 192.096000 375.000000
248.000000 130.000000 192.096000 380.000000
250.000000 134.000000 165.184000 205.000000
248.000000 134.000000 166.112000 342.000000
2.000000 126.000000 192.096000 188.000000
0.000000 126.000000 193.024000 269.000000
4.000000 126.000000 190.240000 191.000000
6.000000 126.000000 191.168000 187.000000
4.000000 128.000000 192.096000 453.000000
6.000000 128.000000 191.168000 501.000000
4.000000 130.000000 192.096000 445.000000
6.000000 130.000000 192.096000 466.000000
4.000000 132.000000 191.168000 71.000000
6.000000 132.000000 192.096000 65.000000
0.000000 136.000000 195.808000 79.000000
2.000000 128.000000 192.096000 412.000000
0.000000 128.000000 192.096000 73.000000
2.000000 130.000000 192.096000 508.000000
0.000000 130.000000 193.952000 606.000000
2.000000 132.000000 193.024000 85.000000
0.000000 132.000000 194.880000 115.000000
10.000000 126.000000 190.240000 208.000000
8.000000 126.000000 191.168000 201.000000
12.000000 126.000000 192.096000 161.000000
14.000000 126.000000 193.024000 183.000000
12.000000 128.000000 190.240000 432.000000
14.000000 128.000000 191.168000 517.000000
12.000000 130.000000 191.168000 494.000000
14.000000 130.000000 190.240000 450.000000
12.000000 132.000000 192.096000 50.000000
14.000000 132.000000 189.312000 76.000000
10.000000 128.000000 191.168000 656.000000
8.000000 128.000000 191.168000 632.000000
10.000000 130.000000 191.168000 478.000000
8.000000 130.000000 191.168000 513.000000
10.000000 132.000000 189.312000 67.000000
8.000000 132.000000 191.168000 67.000000
34.000000 126.000000 193.024000 170.000000
32.000000 126.000000 193.024000 182.000000
36.000000 126.000000 193.024000 162.000000
38.000000 126.000000 192.096000 172.000000
36.000000 128.000000 192.096000 124.000000
38.000000 128.000000 193.024000 146.000000
36.000000 130.000000 193.024000 457.000000
38.000000 130.000000 192.096000 472.000000
36.000000 132.000000 190.240000 68.000000
38.000000 132.000000 194.880000 62.000000
34.000000 128.000000 193.024000 79.000000
32.000000 128.000000 192.096000 131.000000
34.000000 130.000000 193.024000 443.000000
32.000000 130.000000 192.096000 486.000000
34.000000 132.000000 192.096000 73.000000
32.000000 132.000000 193.952000 67.000000
42.000000 126.000000 193.024000 225.000000
40.000000 126.000000 193.024000 217.000000
44.000000 126.000000 193.952000 221.000000
46.000000 126.000000 193.024000 207.000000
44.000000 128.000000 192.096000 448.000000
46.000000 128.000000 191.168000 279.000000
44.000000 130.000000 192.096000 436.000000
46.000000 130.000000 191.168000 427.000000
44.000000 132.000000 193.952000 65.000000
42.000000 128.000000 191.168000 121.000000
40.000000 128.000000 192.096000 321.000000
42.000000 130.000000 193.024000 483.000000
40.000000 130.000000 192.096000 487.000000
42.000000 132.000000 192.096000 72.000000
40.000000 132.000000 191.168000 79.000000
66.000000 126.000000 191.168000 196.000000
64.000000 126.000000 191.168000 171.000000
68.000000 126.000000 192.096000 215.000000
68.000000 132.000000 193.952000 51.000000
70.000000 132.000000 191.168000 67.000000
64.000000 130.000000 192.096000 480.000000
66.000000 132.000000 190.240000 60.000000
76.000000 132.000000 193.952000 80.000000
78.000000 132.000000 193.024000 78.000000
74.000000 132.000000 194.880000 66.000000
72.000000 132.000000 189.312000 52.000000
86.000000 132.000000 193.024000 65.000000
80.000000 132.000000 191.168000 53.000000
92.000000 132.000000 193.024000 66.000000
94.000000 132.000000 193.024000 66.000000
90.000000 132.000000 194.880000 61.000000
88.000000 132.000000 193.024000 63.000000
100.000000 126.000000 191.168000 419.000000
102.000000 126.000000 193.024000 206.000000
102.000000 132.000000 193.024000 62.000000
98.000000 132.000000 194.880000 63.000000
96.000000 132.000000 194.880000 67.000000
106.000000 126.000000 193.024000 157.000000
104.000000 126.000000 193.024000 176.000000
108.000000 126.000000 193.024000 418.000000
110.000000 126.000000 192.096000 188.000000
108.000000 128.000000 191.168000 75.000000
110.000000 128.000000 192.096000 1442.000000
108.000000 130.000000 192.096000 510.000000
110.000000 130.000000 192.096000 611.000000
104.000000 128.000000 191.168000 70.000000
130.000000 126.000000 192.096000 189.000000
128.000000 126.000000 192.096000 222.000000
132.000000 126.000000 192.096000 207.000000
134.000000 126.000000 191.168000 220.000000
132.000000 128.000000 193.024000 433.000000
134.000000 128.000000 192.096000 248.000000
132.000000 130.000000 192.096000 450.000000
134.000000 130.000000 192.096000 517.000000
132.000000 132.000000 194.880000 66.000000
134.000000 132.000000 193.952000 82.000000
130.000000 128.000000 193.024000 506.000000
128.000000 128.000000 193.024000 496.000000
130.000000 130.000000 193.024000 453.000000
128.000000 130.000000 192.096000 471.000000
130.000000 132.000000 195.808000 60.000000
128.000000 132.000000 191.168000 63.000000
138.000000 126.000000 193.024000 227.000000
136.000000 126.000000 194.880000 236.000000
140.000000 126.000000 193.952000 206.000000
142.000000 126.000000 193.952000 187.000000
140.000000 128.000000 192.096000 600.000000
142.000000 128.000000 192.096000 469.000000
140.000000 130.000000 192.096000 482.000000
142.000000 130.000000 192.096000 492.000000
140.000000 132.000000 193.952000 61.000000
142.000000 132.000000 190.240000 79.000000
138.000000 128.000000 192.096000 638.000000
136.000000 128.000000 193.024000 223.000000
138.000000 130.000000 192.096000 499.000000
136.000000 130.000000 192.096000 556.000000
136.000000 132.000000 193.024000 113.000000
146.000000 126.000000 192.096000 213.000000
144.000000 126.000000 192.096000 235.000000
148.000000 126.000000 192.096000 191.000000
150.000000 126.000000 191.168000 194.000000
148.000000 128.000000 193.024000 446.000000
150.000000 128.000000 193.024000 585.000000
148.000000 130.000000 193.024000 472.000000
150.000000 130.000000 192.096000 461.000000
150.000000 132.000000 190.240000 55.000000
146.000000 128.000000 193.024000 390.000000
144.000000 128.000000 193.024000 423.000000
146.000000 130.000000 193.024000 477.000000
144.000000 130.000000 193.024000 528.000000
144.000000 132.000000 193.952000 64.000000
154.000000 126.000000 192.096000 201.000000
152.000000 126.000000 193.024000 218.000000
156.000000 126.000000 192.096000 196.000000
158.000000 126.000000 192.096000 219.000000
156.000000 128.000000 192.096000 457.000000
158.000000 128.000000 191.168000 625.000000
156.000000 130.000000 192.096000 514.000000
158.000000 130.000000 191.168000 482.000000
154.000000 128.000000 191.168000 676.000000
152.000000 128.000000 191.168000 420.000000
154.000000 130.000000 191.168000 432.000000
152.000000 130.000000 191.168000 487.000000
152.000000 132.000000 188.384000 55.000000
178.000000 126.000000 191.168000 215.000000
176.000000 126.000000 191.168000 225.000000
180.000000 126.000000 191.168000 223.000000
182.000000 126.000000 192.096000 198.000000
180.000000 128.000000 192.096000 438.000000
182.000000 128.000000 192.096000 576.000000
180.000000 130.000000 192.096000 479.000000
182.000000 130.000000 192.096000 487.000000
180.000000 132.000000 194.880000 77.000000
182.000000 132.000000 193.024000 57.000000
178.000000 128.000000 193.024000 498.000000
176.000000 128.000000 192.096000 645.000000
178.000000 130.000000 192.096000 426.000000
176.000000 130.000000 192.096000 467.000000
178.000000 132.000000 192.096000 55.000000
176.000000 132.000000 192.096000 62.000000
186.000000 126.000000 192.096000 219.000000
184.000000 126.000000 192.096000 212.000000
188.000000 126.000000 192.096000 221.000000
190.000000 126.000000 194.880000 222.000000
188.000000 128.000000 192.096000 703.000000
190.000000 128.000000 192.096000 340.000000
188.000000 130.000000 192.096000 469.000000
190.000000 130.000000 192.096000 510.000000
188.000000 132.000000 192.096000 80.000000
190.000000 132.000000 193.024000 68.000000
186.000000 128.000000 192.096000 549.000000
184.000000 128.000000 192.096000 542.000000
186.000000 130.000000 193.024000 480.000000
184.000000 130.000000 192.096000 486.000000
186.000000 132.000000 193.952000 71.000000
184.000000 132.000000 191.168000 60.000000
194.000000 126.000000 191.168000 254.000000
192.000000 126.000000 191.168000 249.000000
196.000000 126.000000 191.168000 224.000000
198.000000 126.000000 191.168000 240.000000
196.000000 128.000000 192.096000 554.000000
198.000000 128.000000 192.096000 656.000000
196.000000 130.000000 192.096000 542.000000
198.000000 130.000000 193.024000 535.000000
196.000000 132.000000 193.024000 86.000000
198.000000 132.000000 193.024000 79.000000
194.000000 128.000000 192.096000 781.000000
192.000000 128.000000 192.096000 566.000000
194.000000 130.000000 192.096000 596.000000
192.000000 130.000000 192.096000 573.000000
194.000000 132.000000 191.168000 82.000000
192.000000 132.000000 191.168000 412.000000
202.000000 126.000000 191.168000 230.000000
200.000000 126.000000 193.024000 246.000000
204.000000 126.000000 193.024000 243.000000
206.000000 126.000000 192.096000 280.000000
204.000000 128.000000 191.168000 524.000000
206.000000 128.000000 191.168000 699.000000
204.000000 130.000000 192.096000 534.000000
206.000000 130.000000 191.168000 677.000000
204.000000 132.000000 193.024000 97.000000
206.000000 132.000000 191.168000 92.000000
202.000000 128.000000 191.168000 782.000000
200.000000 128.000000 191.168000 786.000000
202.000000 130.000000 191.168000 525.000000
200.000000 130.000000 191.168000 513.000000
202.000000 132.000000 192.096000 80.000000
200.000000 132.000000 193.024000 88.000000
18.000000 126.000000 191.168000 188.000000
16.000000 126.000000 192.096000 203.000000
20.000000 126.000000 192.096000 221.000000
22.000000 126.000000 192.096000 216.000000
20.000000 128.000000 192.096000 482.000000
22.000000 128.000000 192.096000 373.000000
20.000000 130.000000 192.096000 437.000000
22.000000 130.000000 192.096000 484.000000
20.000000 132.000000 190.240000 60.000000
22.000000 132.000000 192.096000 51.000000
18.000000 128.000000 191.168000 481.000000
16.000000 128.000000 192.096000 478.000000
18.000000 130.000000 192.096000 432.000000
16.000000 130.000000 192.096000 471.000000
18.000000 132.000000 193.952000 68.000000
16.000000 132.000000 191.168000 55.000000
26.000000 126.000000 193.024000 208.000000
24.000000 126.000000 192.096000 200.000000
28.000000 126.000000 193.024000 228.000000
30.000000 126.000000 193.024000 209.000000
28.000000 128.000000 192.096000 453.000000
30.000000 128.000000 192.096000 229.000000
28.000000 130.000000 192.096000 511.000000
30.000000 130.000000 192.096000 521.000000
28.000000 132.000000 193.952000 64.000000
30.000000 132.000000 194.880000 66.000000
26.000000 128.000000 192.096000 563.000000
24.000000 128.000000 191.168000 387.000000
26.000000 130.000000 192.096000 506.000000
24.000000 130.000000 191.168000 482.000000
26.000000 132.000000 191.168000 73.000000
24.000000 132.000000 195.808000 68.000000
50.000000 126.000000 191.168000 427.000000
48.000000 126.000000 191.168000 371.000000
50.000000 124.000000 193.024000 112.000000
48.000000 124.000000 191.168000 72.000000
52.000000 126.000000 191.168000 214.000000
54.000000 126.000000 191.168000 195.000000
52.000000 128.000000 192.096000 532.000000
54.000000 128.000000 191.168000 195.000000
52.000000 130.000000 191.168000 415.000000
54.000000 130.000000 192.096000 459.000000
52.000000 132.000000 193.024000 55.000000
50.000000 128.000000 192.096000 598.000000
48.000000 128.000000 192.096000 417.000000
50.000000 130.000000 192.096000 412.000000
48.000000 130.000000 192.096000 476.000000
50.000000 132.000000 190.240000 54.000000
48.000000 132.000000 192.096000 51.000000
58.000000 126.000000 192.096000 163.000000
56.000000 126.000000 193.952000 191.000000
60.000000 126.000000 192.096000 180.000000
62.000000 126.000000 192.096000 170.000000
60.000000 128.000000 192.096000 175.000000
62.000000 128.000000 192.096000 428.000000
60.000000 130.000000 192.096000 454.000000
62.000000 130.000000 191.168000 471.000000
58.000000 128.000000 192.096000 291.000000
56.000000 128.000000 192.096000 446.000000
58.000000 130.000000 192.096000 447.000000
56.000000 130.000000 192.096000 466.000000
56.000000 132.000000 193.024000 56.000000
114.000000 126.000000 190.240000 214.000000
112.000000 126.000000 191.168000 189.000000
116.000000 126.000000 190.240000 194.000000
118.000000 126.000000 190.240000 185.000000
116.000000 124.000000 193.952000 52.000000
116.000000 128.000000 193.024000 455.000000
118.000000 128.000000 192.096000 280.000000
116.000000 130.000000 193.024000 452.000000
118.000000 130.000000 193.024000 464.000000
114.000000 128.000000 192.096000 519.000000
112.000000 128.000000 193.024000 78.000000
114.000000 130.000000 193.024000 465.000000
112.000000 130.000000 192.096000 498.000000
114.000000 132.000000 190.240000 62.000000
112.000000 132.000000 193.024000 73.000000
122.000000 126.000000 193.024000 216.000000
120.000000 126.000000 193.024000 208.000000
124.000000 126.000000 193.952000 229.000000
126.000000 126.000000 193.952000 229.000000
124.000000 128.000000 192.096000 636.000000
126.000000 128.000000 193.024000 233.000000
124.000000 130.000000 192.096000 482.000000
126.000000 130.000000 192.096000 497.000000
124.000000 132.000000 191.168000 66.000000
122.000000 128.000000 192.096000 489.000000
120.000000 128.000000 192.096000 514.000000
122.000000 130.000000 193.024000 477.000000
120.000000 130.000000 192.096000 485.000000
122.000000 132.000000 189.312000 62.000000
120.000000 132.000000 193.024000 80.000000
162.000000 126.000000 191.168000 205.000000
160.000000 126.000000 193.024000 189.000000
164.000000 126.000000 191.168000 225.000000
166.000000 126.000000 193.024000 203.000000
164.000000 128.000000 192.096000 493.000000
166.000000 128.000000 193.024000 631.000000
164.000000 130.000000 193.024000 456.000000
166.000000 130.000000 193.024000 459.000000
162.000000 128.000000 193.024000 503.000000
160.000000 128.000000 193.024000 442.000000
162.000000 130.000000 192.096000 440.000000
160.000000 130.000000 193.024000 440.000000
162.000000 132.000000 193.024000 65.000000
160.000000 132.000000 193.024000 73.000000
170.000000 126.000000 192.096000 187.000000
168.000000 126.000000 193.024000 202.000000
172.000000 126.000000 193.952000 196.000000
174.000000 126.000000 192.096000 211.000000
172.000000 128.000000 192.096000 638.000000
174.000000 128.000000 192.096000 557.000000
172.000000 130.000000 193.024000 444.000000
174.000000 130.000000 192.096000 459.000000
172.000000 132.000000 190.240000 62.000000
174.000000 132.000000 193.952000 71.000000
170.000000 128.000000 192.096000 553.000000
168.000000 128.000000 192.096000 405.000000
170.000000 130.000000 193.024000 478.000000
168.000000 130.000000 192.096000 492.000000
170.000000 132.000000 191.168000 71.000000
168.000000 132.000000 194.880000 77.000000
210.000000 126.000000 191.168000 315.000000
208.000000 126.000000 191.168000 331.000000
212.000000 126.000000 191.168000 274.000000
214.000000 126.000000 191.168000 210.000000
212.000000 140.000000 185.600000 88.000000
214.000000 142.000000 186.528000 88.000000
212.000000 136.000000 185.600000 93.000000
212.000000 138.000000 188.384000 118.000000
214.000000 138.000000 184.672000 76.000000
214.000000 140.000000 185.600000 102.000000
212.000000 128.000000 191.168000 1152.000000
214.000000 128.000000 190.240000 987.000000
212.000000 130.000000 190.240000 1474.000000
214.000000 130.000000 189.312000 1469.000000
212.000000 132.000000 190.240000 347.000000
214.000000 132.000000 188.384000 477.000000
212.000000 134.000000 188.384000 79.000000
210.000000 128.000000 192.096000 1239.000000
208.000000 128.000000 192.096000 982.000000
210.000000 130.000000 191.168000 1245.000000
208.000000 130.000000 192.096000 1097.000000
210.000000 132.000000 191.168000 226.000000
208.000000 132.000000 191.168000 188.000000
210.000000 134.000000 189.312000 84.000000
218.000000 126.000000 192.096000 187.000000
220.000000 126.000000 193.024000 187.000000
222.000000 126.000000 193.024000 183.000000
222.000000 156.000000 179.104000 148.000000
222.000000 158.000000 177.248000 109.000000
220.000000 152.000000 177.248000 126.000000
222.000000 154.000000 177.248000 125.000000
220.000000 154.000000 179.104000 118.000000
216.000000 148.000000 181.888000 89.000000
218.000000 150.000000 179.104000 106.000000
218.000000 152.000000 180.960000 78.000000
216.000000 144.000000 183.744000 85.000000
218.000000 146.000000 180.960000 75.000000
216.000000 146.000000 181.888000 109.000000
218.000000 148.000000 181.888000 102.000000
220.000000 128.000000 192.096000 547.000000
222.000000 128.000000 192.096000 487.000000
220.000000 130.000000 187.456000 1195.000000
222.000000 130.000000 187.456000 1018.000000
220.000000 132.000000 184.672000 1003.000000
222.000000 132.000000 182.816000 1162.000000
220.000000 134.000000 183.744000 332.000000
222.000000 134.000000 181.888000 576.000000
222.000000 160.000000 176.320000 73.000000
218.000000 128.000000 191.168000 608.000000
216.000000 128.000000 190.240000 272.000000
218.000000 132.000000 185.600000 844.000000
216.000000 132.000000 186.528000 657.000000
218.000000 134.000000 185.600000 217.000000
216.000000 134.000000 185.600000 100.000000
