TRACK-1
[208.72436636 101.63933253 163.62141055] [189.56565111 125.7060087  129.56115115] [256   0   0] [-0.41744554  0.52438415 -0.7421324 ] [199.78181818 112.87272727 147.72339721] [[189.56565111 125.7060087  129.56115115]
 [190.999672   123.90462923 132.11054565]
 [192.02528047 122.61628673 133.93386681]
 [192.76084353 121.6922917  135.24154679]
 [193.07863345 121.29309232 135.80651199]
 [193.05421756 121.32376293 135.76310554]
 [193.26712939 121.05630866 136.14161903]
 [193.57801208 120.66578597 136.69430457]
 [193.16491289 121.18471035 135.95989909]
 [194.79228186 119.14045208 138.85302677]
 [194.9366483  118.95910274 139.10968064]
 [195.23218415 118.58785835 139.63508266]
 [194.8667421  119.04691708 138.98540178]
 [195.2413878  118.57629697 139.65144486]
 [196.46725632 117.03639305 141.83078722]
 [196.67062223 116.78093013 142.19233002]
 [196.93489939 116.44895207 142.66216053]
 [195.73444511 117.95693129 140.52799945]
 [197.15699131 116.16996602 143.05699432]
 [197.69985203 115.48803861 144.02208914]
 [197.49639201 115.74361976 143.66037903]
 [197.34883876 115.92897228 143.39805968]
 [198.36252607 114.65560484 145.20018744]
 [198.54733171 114.42345684 145.52873389]
 [198.17209148 114.89482378 144.86163387]
 [199.16301046 113.65005732 146.62328423]
 [200.31155524 112.20728546 148.66516086]
 [200.25441972 112.2790576  148.56358565]
 [200.91139728 111.45377961 149.73155676]
 [199.95549188 112.65456293 148.03215336]
 [201.5129086  110.69817685 150.8009203 ]
 [201.88182708 110.23475111 151.45678157]
 [201.52318384 110.68526935 150.81918757]
 [201.32965743 110.92837216 150.47513738]
 [201.14330391 111.16246457 150.1438391 ]
 [203.17629298 108.60867696 153.75807598]
 [203.63123206 108.0371944  154.5668642 ]
 [202.69598616 109.2120258  152.90418914]
 [202.12329116 109.93143026 151.88605509]
 [204.22110375 107.29621305 155.61553486]
 [204.19744259 107.32593557 155.57347019]
 [203.49323319 108.21054497 154.32153056]
 [204.09232958 107.45797578 155.38660084]
 [205.26612278 105.98348751 157.47336399]
 [205.24817072 106.00603842 157.44144892]
 [203.9705764  107.61091894 155.1701487 ]
 [206.0145257  105.04336337 158.80387063]
 [205.48424594 105.70948692 157.86114215]
 [205.39700405 105.81907789 157.70604401]
 [206.47829929 104.46078314 159.62836477]
 [206.69041712 104.19432628 160.0054667 ]
 [206.69444454 104.18926714 160.01262662]
 [207.33418926 103.38563658 161.14996129]
 [207.92512782 102.64331505 162.20052863]
 [208.72436636 101.63933253 163.62141055]]
TRACK-2
[196.47157188  76.75813007 164.38132972] [205.76008197 102.61603554 161.21780006] [256   0   0] [ 0.33584531  0.93494611 -0.11438397] [200.50980392  88.         163.00596739] [[205.76008197 102.61603554 161.21780006]
 [204.82479292 100.01232237 161.53634573]
 [205.10268232 100.78592738 161.44170069]
 [204.99790994 100.4942558  161.47738462]
 [204.51636086  99.15369092 161.64139314]
 [205.52602412 101.96445141 161.29751671]
 [202.80595554  94.3921631  162.22393199]
 [202.6244536   93.88688723 162.28574888]
 [203.01732475  94.98058524 162.15194275]
 [202.21237495  92.73971826 162.42609679]
 [201.96716883  92.0570989  162.50961038]
 [203.26208438  95.66196164 162.06858123]
 [202.46170609  93.43382106 162.34117828]
 [202.29059     92.95745795 162.3994579 ]
 [201.56261608  90.93088094 162.64739509]
 [201.30255052  90.20689501 162.73596959]
 [201.75440881  91.46480492 162.58207331]
 [201.70296671  91.32159735 162.59959373]
 [201.10541299  89.65809185 162.80311172]
 [201.03066129  89.44999365 162.82857105]
 [200.65659288  88.40863982 162.95597324]
 [200.87013186  89.0031023  162.88324501]
 [200.22211107  87.19910357 163.10395134]
 [200.43530191  87.79259689 163.03134168]
 [200.09304928  86.8398137  163.14790788]
 [199.77968279  85.96744549 163.25463589]
 [200.46934099  87.8873569  163.01974847]
 [199.45196559  85.05512689 163.36625154]
 [199.64868337  85.60276153 163.29925236]
 [199.17898582  84.2951896  163.45922443]
 [199.57695483  85.40307935 163.32368205]
 [199.38175406  84.85966786 163.39016456]
 [198.94984021  83.65728046 163.53726805]
 [198.57792721  82.621927   163.66393613]
 [199.99705198  86.57257072 163.18060315]
 [200.24693839  87.26821935 163.09549552]
 [198.70230851  82.96818705 163.6215737 ]
 [198.30865642  81.872315   163.7556458 ]
 [198.08027672  81.23653803 163.83342856]
 [198.83865598  83.3477592  163.57513576]
 [198.50908561  82.43028166 163.68738257]
 [197.81730768  80.50446922 163.92299194]
 [198.23762807  81.67458207 163.77983701]
 [199.08683327  84.03864989 163.49061023]
 [197.41802096  79.39291117 164.05898311]
 [197.69705661  80.16970715 163.96394768]
 [197.89674489  80.72561123 163.8959368 ]
 [196.98624202  78.19089932 164.20604066]
 [196.47157188  76.75813007 164.38132972]
 [197.23790244  78.89148653 164.12032883]
 [197.34727001  79.19595047 164.08307984]]

