2.300000000000000000e+02 1.740000000000000000e+02 1.863679999999999950e+02
2.280000000000000000e+02 1.680000000000000000e+02 1.904639999999999986e+02
2.300000000000000000e+02 1.700000000000000000e+02 1.853439999999999941e+02
2.280000000000000000e+02 1.700000000000000000e+02 1.894399999999999977e+02
2.300000000000000000e+02 1.720000000000000000e+02 1.863679999999999950e+02
2.240000000000000000e+02 1.640000000000000000e+02 1.935360000000000014e+02
2.260000000000000000e+02 1.660000000000000000e+02 1.935360000000000014e+02
2.280000000000000000e+02 1.660000000000000000e+02 1.925120000000000005e+02
2.240000000000000000e+02 1.600000000000000000e+02 1.925120000000000005e+02
2.260000000000000000e+02 1.620000000000000000e+02 1.935360000000000014e+02
2.240000000000000000e+02 1.620000000000000000e+02 1.925120000000000005e+02
2.260000000000000000e+02 1.640000000000000000e+02 1.925120000000000005e+02
2.380000000000000000e+02 1.900000000000000000e+02 1.761280000000000143e+02
2.380000000000000000e+02 1.860000000000000000e+02 1.771520000000000152e+02
2.360000000000000000e+02 1.860000000000000000e+02 1.771520000000000152e+02
2.380000000000000000e+02 1.880000000000000000e+02 1.771520000000000152e+02
2.360000000000000000e+02 1.840000000000000000e+02 1.792000000000000171e+02
2.340000000000000000e+02 1.800000000000000000e+02 1.832959999999999923e+02
2.340000000000000000e+02 1.820000000000000000e+02 1.812479999999999905e+02
2.360000000000000000e+02 1.820000000000000000e+02 1.812479999999999905e+02
2.320000000000000000e+02 1.760000000000000000e+02 1.853439999999999941e+02
2.340000000000000000e+02 1.780000000000000000e+02 1.884159999999999968e+02
2.320000000000000000e+02 1.780000000000000000e+02 1.822719999999999914e+02
2.320000000000000000e+02 1.740000000000000000e+02 1.853439999999999941e+02
2.400000000000000000e+02 1.900000000000000000e+02 1.751040000000000134e+02
2.400000000000000000e+02 1.880000000000000000e+02 1.751040000000000134e+02
2.440000000000000000e+02 2.020000000000000000e+02 1.689600000000000080e+02
2.460000000000000000e+02 2.040000000000000000e+02 1.679360000000000070e+02
2.460000000000000000e+02 2.060000000000000000e+02 1.669120000000000061e+02
2.440000000000000000e+02 1.980000000000000000e+02 1.689600000000000080e+02
2.460000000000000000e+02 2.000000000000000000e+02 1.710080000000000098e+02
2.440000000000000000e+02 2.000000000000000000e+02 1.710080000000000098e+02
2.460000000000000000e+02 2.020000000000000000e+02 1.669120000000000061e+02
2.420000000000000000e+02 1.960000000000000000e+02 1.710080000000000098e+02
2.440000000000000000e+02 1.960000000000000000e+02 1.710080000000000098e+02
2.400000000000000000e+02 1.920000000000000000e+02 1.740800000000000125e+02
2.420000000000000000e+02 1.940000000000000000e+02 1.740800000000000125e+02
2.400000000000000000e+02 1.940000000000000000e+02 1.740800000000000125e+02
2.540000000000000000e+02 2.220000000000000000e+02 1.576959999999999980e+02
2.540000000000000000e+02 2.180000000000000000e+02 1.576959999999999980e+02
2.520000000000000000e+02 2.180000000000000000e+02 1.566719999999999970e+02
2.540000000000000000e+02 2.200000000000000000e+02 1.576959999999999980e+02
2.520000000000000000e+02 2.140000000000000000e+02 1.607680000000000007e+02
2.540000000000000000e+02 2.160000000000000000e+02 1.597439999999999998e+02
2.520000000000000000e+02 2.160000000000000000e+02 1.597439999999999998e+02
2.480000000000000000e+02 2.100000000000000000e+02 1.638400000000000034e+02
2.500000000000000000e+02 2.120000000000000000e+02 1.607680000000000007e+02
2.520000000000000000e+02 2.120000000000000000e+02 1.607680000000000007e+02
2.500000000000000000e+02 2.140000000000000000e+02 1.607680000000000007e+02
2.480000000000000000e+02 2.060000000000000000e+02 1.658880000000000052e+02
2.500000000000000000e+02 2.080000000000000000e+02 1.648640000000000043e+02
2.480000000000000000e+02 2.080000000000000000e+02 1.658880000000000052e+02
2.500000000000000000e+02 2.100000000000000000e+02 1.617920000000000016e+02
2.480000000000000000e+02 2.040000000000000000e+02 1.658880000000000052e+02
2.120000000000000000e+02 1.400000000000000000e+02 2.048000000000000114e+02
2.140000000000000000e+02 1.420000000000000000e+02 2.058240000000000123e+02
2.120000000000000000e+02 1.360000000000000000e+02 2.048000000000000114e+02
2.120000000000000000e+02 1.380000000000000000e+02 2.078720000000000141e+02
2.140000000000000000e+02 1.380000000000000000e+02 2.037760000000000105e+02
2.140000000000000000e+02 1.400000000000000000e+02 2.048000000000000114e+02
2.100000000000000000e+02 1.340000000000000000e+02 2.088960000000000150e+02
2.220000000000000000e+02 1.560000000000000000e+02 1.976320000000000050e+02
2.220000000000000000e+02 1.580000000000000000e+02 1.955840000000000032e+02
2.200000000000000000e+02 1.520000000000000000e+02 1.955840000000000032e+02
2.220000000000000000e+02 1.540000000000000000e+02 1.955840000000000032e+02
2.200000000000000000e+02 1.540000000000000000e+02 1.976320000000000050e+02
2.160000000000000000e+02 1.480000000000000000e+02 2.007040000000000077e+02
2.180000000000000000e+02 1.500000000000000000e+02 1.976320000000000050e+02
2.180000000000000000e+02 1.520000000000000000e+02 1.996800000000000068e+02
2.160000000000000000e+02 1.440000000000000000e+02 2.027520000000000095e+02
2.180000000000000000e+02 1.460000000000000000e+02 1.996800000000000068e+02
2.160000000000000000e+02 1.460000000000000000e+02 2.007040000000000077e+02
2.180000000000000000e+02 1.480000000000000000e+02 2.007040000000000077e+02
2.220000000000000000e+02 1.600000000000000000e+02 1.945600000000000023e+02
