2.260000000000000000e+02 1.260000000000000000e+02 2.109440000000000168e+02
2.240000000000000000e+02 1.260000000000000000e+02 2.119680000000000177e+02
2.280000000000000000e+02 1.260000000000000000e+02 2.160639999999999930e+02
2.280000000000000000e+02 1.280000000000000000e+02 2.129920000000000186e+02
2.300000000000000000e+02 1.280000000000000000e+02 2.119680000000000177e+02
2.280000000000000000e+02 1.300000000000000000e+02 2.099200000000000159e+02
2.300000000000000000e+02 1.300000000000000000e+02 2.109440000000000168e+02
2.260000000000000000e+02 1.280000000000000000e+02 2.119680000000000177e+02
2.240000000000000000e+02 1.280000000000000000e+02 2.129920000000000186e+02
2.260000000000000000e+02 1.300000000000000000e+02 2.088960000000000150e+02
2.240000000000000000e+02 1.300000000000000000e+02 2.088960000000000150e+02
2.340000000000000000e+02 1.260000000000000000e+02 2.129920000000000186e+02
2.320000000000000000e+02 1.260000000000000000e+02 2.129920000000000186e+02
2.360000000000000000e+02 1.260000000000000000e+02 2.140159999999999911e+02
2.380000000000000000e+02 1.260000000000000000e+02 2.129920000000000186e+02
2.360000000000000000e+02 1.280000000000000000e+02 2.119680000000000177e+02
2.380000000000000000e+02 1.280000000000000000e+02 2.099200000000000159e+02
2.360000000000000000e+02 1.300000000000000000e+02 2.119680000000000177e+02
2.380000000000000000e+02 1.300000000000000000e+02 2.119680000000000177e+02
2.340000000000000000e+02 1.280000000000000000e+02 2.119680000000000177e+02
2.320000000000000000e+02 1.280000000000000000e+02 2.109440000000000168e+02
2.340000000000000000e+02 1.300000000000000000e+02 2.119680000000000177e+02
2.320000000000000000e+02 1.300000000000000000e+02 2.119680000000000177e+02
2.420000000000000000e+02 1.260000000000000000e+02 2.109440000000000168e+02
2.400000000000000000e+02 1.260000000000000000e+02 2.099200000000000159e+02
2.440000000000000000e+02 1.260000000000000000e+02 2.109440000000000168e+02
2.460000000000000000e+02 1.260000000000000000e+02 2.119680000000000177e+02
2.440000000000000000e+02 1.280000000000000000e+02 2.119680000000000177e+02
2.460000000000000000e+02 1.280000000000000000e+02 2.129920000000000186e+02
2.440000000000000000e+02 1.300000000000000000e+02 2.119680000000000177e+02
2.460000000000000000e+02 1.300000000000000000e+02 2.129920000000000186e+02
2.420000000000000000e+02 1.280000000000000000e+02 2.129920000000000186e+02
2.400000000000000000e+02 1.280000000000000000e+02 2.109440000000000168e+02
2.420000000000000000e+02 1.300000000000000000e+02 2.129920000000000186e+02
2.400000000000000000e+02 1.300000000000000000e+02 2.119680000000000177e+02
2.500000000000000000e+02 1.260000000000000000e+02 2.119680000000000177e+02
2.520000000000000000e+02 1.260000000000000000e+02 2.150399999999999920e+02
2.520000000000000000e+02 1.240000000000000000e+02 2.150399999999999920e+02
2.520000000000000000e+02 1.280000000000000000e+02 2.129920000000000186e+02
2.540000000000000000e+02 1.280000000000000000e+02 2.119680000000000177e+02
2.520000000000000000e+02 1.300000000000000000e+02 2.129920000000000186e+02
2.540000000000000000e+02 1.300000000000000000e+02 2.129920000000000186e+02
2.520000000000000000e+02 1.320000000000000000e+02 2.109440000000000168e+02
2.540000000000000000e+02 1.320000000000000000e+02 2.129920000000000186e+02
2.500000000000000000e+02 1.280000000000000000e+02 2.119680000000000177e+02
2.480000000000000000e+02 1.280000000000000000e+02 2.119680000000000177e+02
2.500000000000000000e+02 1.300000000000000000e+02 2.119680000000000177e+02
2.480000000000000000e+02 1.300000000000000000e+02 2.119680000000000177e+02
6.800000000000000000e+01 1.320000000000000000e+02 2.140159999999999911e+02
7.600000000000000000e+01 1.320000000000000000e+02 2.140159999999999911e+02
7.800000000000000000e+01 1.320000000000000000e+02 2.129920000000000186e+02
7.400000000000000000e+01 1.320000000000000000e+02 2.150399999999999920e+02
8.600000000000000000e+01 1.320000000000000000e+02 2.129920000000000186e+02
8.000000000000000000e+01 1.320000000000000000e+02 2.109440000000000168e+02
9.200000000000000000e+01 1.320000000000000000e+02 2.129920000000000186e+02
9.400000000000000000e+01 1.320000000000000000e+02 2.129920000000000186e+02
9.000000000000000000e+01 1.320000000000000000e+02 2.150399999999999920e+02
8.800000000000000000e+01 1.320000000000000000e+02 2.129920000000000186e+02
1.000000000000000000e+02 1.260000000000000000e+02 2.109440000000000168e+02
1.020000000000000000e+02 1.260000000000000000e+02 2.129920000000000186e+02
1.020000000000000000e+02 1.320000000000000000e+02 2.129920000000000186e+02
9.800000000000000000e+01 1.320000000000000000e+02 2.150399999999999920e+02
9.600000000000000000e+01 1.320000000000000000e+02 2.150399999999999920e+02
1.060000000000000000e+02 1.260000000000000000e+02 2.129920000000000186e+02
1.040000000000000000e+02 1.260000000000000000e+02 2.129920000000000186e+02
1.080000000000000000e+02 1.260000000000000000e+02 2.129920000000000186e+02
1.100000000000000000e+02 1.260000000000000000e+02 2.119680000000000177e+02
1.080000000000000000e+02 1.280000000000000000e+02 2.109440000000000168e+02
1.100000000000000000e+02 1.280000000000000000e+02 2.119680000000000177e+02
1.080000000000000000e+02 1.300000000000000000e+02 2.119680000000000177e+02
1.100000000000000000e+02 1.300000000000000000e+02 2.119680000000000177e+02
1.040000000000000000e+02 1.280000000000000000e+02 2.109440000000000168e+02
1.300000000000000000e+02 1.260000000000000000e+02 2.119680000000000177e+02
1.280000000000000000e+02 1.260000000000000000e+02 2.119680000000000177e+02
1.320000000000000000e+02 1.260000000000000000e+02 2.119680000000000177e+02
1.340000000000000000e+02 1.260000000000000000e+02 2.109440000000000168e+02
1.320000000000000000e+02 1.280000000000000000e+02 2.129920000000000186e+02
1.340000000000000000e+02 1.280000000000000000e+02 2.119680000000000177e+02
1.320000000000000000e+02 1.300000000000000000e+02 2.119680000000000177e+02
1.340000000000000000e+02 1.300000000000000000e+02 2.119680000000000177e+02
1.320000000000000000e+02 1.320000000000000000e+02 2.150399999999999920e+02
1.340000000000000000e+02 1.320000000000000000e+02 2.140159999999999911e+02
1.300000000000000000e+02 1.280000000000000000e+02 2.129920000000000186e+02
1.280000000000000000e+02 1.280000000000000000e+02 2.129920000000000186e+02
1.300000000000000000e+02 1.300000000000000000e+02 2.129920000000000186e+02
1.280000000000000000e+02 1.300000000000000000e+02 2.119680000000000177e+02
1.300000000000000000e+02 1.320000000000000000e+02 2.160639999999999930e+02
1.280000000000000000e+02 1.320000000000000000e+02 2.109440000000000168e+02
1.380000000000000000e+02 1.260000000000000000e+02 2.129920000000000186e+02
1.360000000000000000e+02 1.260000000000000000e+02 2.150399999999999920e+02
1.400000000000000000e+02 1.260000000000000000e+02 2.140159999999999911e+02
1.420000000000000000e+02 1.260000000000000000e+02 2.140159999999999911e+02
1.400000000000000000e+02 1.280000000000000000e+02 2.119680000000000177e+02
1.420000000000000000e+02 1.280000000000000000e+02 2.119680000000000177e+02
1.400000000000000000e+02 1.300000000000000000e+02 2.119680000000000177e+02
1.420000000000000000e+02 1.300000000000000000e+02 2.119680000000000177e+02
1.400000000000000000e+02 1.320000000000000000e+02 2.140159999999999911e+02
1.420000000000000000e+02 1.320000000000000000e+02 2.099200000000000159e+02
1.380000000000000000e+02 1.280000000000000000e+02 2.119680000000000177e+02
1.360000000000000000e+02 1.280000000000000000e+02 2.129920000000000186e+02
1.380000000000000000e+02 1.300000000000000000e+02 2.119680000000000177e+02
1.360000000000000000e+02 1.300000000000000000e+02 2.119680000000000177e+02
1.360000000000000000e+02 1.320000000000000000e+02 2.129920000000000186e+02
1.460000000000000000e+02 1.260000000000000000e+02 2.119680000000000177e+02
1.440000000000000000e+02 1.260000000000000000e+02 2.119680000000000177e+02
1.480000000000000000e+02 1.260000000000000000e+02 2.119680000000000177e+02
1.500000000000000000e+02 1.260000000000000000e+02 2.109440000000000168e+02
1.480000000000000000e+02 1.280000000000000000e+02 2.129920000000000186e+02
1.500000000000000000e+02 1.280000000000000000e+02 2.129920000000000186e+02
1.480000000000000000e+02 1.300000000000000000e+02 2.129920000000000186e+02
1.500000000000000000e+02 1.300000000000000000e+02 2.119680000000000177e+02
1.500000000000000000e+02 1.320000000000000000e+02 2.099200000000000159e+02
1.460000000000000000e+02 1.280000000000000000e+02 2.129920000000000186e+02
1.440000000000000000e+02 1.280000000000000000e+02 2.129920000000000186e+02
1.460000000000000000e+02 1.300000000000000000e+02 2.129920000000000186e+02
1.440000000000000000e+02 1.300000000000000000e+02 2.129920000000000186e+02
1.440000000000000000e+02 1.320000000000000000e+02 2.140159999999999911e+02
1.540000000000000000e+02 1.260000000000000000e+02 2.119680000000000177e+02
1.520000000000000000e+02 1.260000000000000000e+02 2.129920000000000186e+02
1.560000000000000000e+02 1.260000000000000000e+02 2.119680000000000177e+02
1.580000000000000000e+02 1.260000000000000000e+02 2.119680000000000177e+02
1.560000000000000000e+02 1.280000000000000000e+02 2.119680000000000177e+02
1.580000000000000000e+02 1.280000000000000000e+02 2.109440000000000168e+02
1.560000000000000000e+02 1.300000000000000000e+02 2.119680000000000177e+02
1.580000000000000000e+02 1.300000000000000000e+02 2.109440000000000168e+02
1.540000000000000000e+02 1.280000000000000000e+02 2.109440000000000168e+02
1.520000000000000000e+02 1.280000000000000000e+02 2.109440000000000168e+02
1.540000000000000000e+02 1.300000000000000000e+02 2.109440000000000168e+02
1.520000000000000000e+02 1.300000000000000000e+02 2.109440000000000168e+02
1.520000000000000000e+02 1.320000000000000000e+02 2.078720000000000141e+02
1.780000000000000000e+02 1.260000000000000000e+02 2.109440000000000168e+02
1.760000000000000000e+02 1.260000000000000000e+02 2.109440000000000168e+02
1.800000000000000000e+02 1.260000000000000000e+02 2.109440000000000168e+02
1.820000000000000000e+02 1.260000000000000000e+02 2.119680000000000177e+02
1.800000000000000000e+02 1.280000000000000000e+02 2.119680000000000177e+02
1.820000000000000000e+02 1.280000000000000000e+02 2.119680000000000177e+02
1.800000000000000000e+02 1.300000000000000000e+02 2.119680000000000177e+02
1.820000000000000000e+02 1.300000000000000000e+02 2.119680000000000177e+02
1.800000000000000000e+02 1.320000000000000000e+02 2.150399999999999920e+02
1.820000000000000000e+02 1.320000000000000000e+02 2.129920000000000186e+02
1.780000000000000000e+02 1.280000000000000000e+02 2.129920000000000186e+02
1.760000000000000000e+02 1.280000000000000000e+02 2.119680000000000177e+02
1.780000000000000000e+02 1.300000000000000000e+02 2.119680000000000177e+02
1.760000000000000000e+02 1.300000000000000000e+02 2.119680000000000177e+02
1.780000000000000000e+02 1.320000000000000000e+02 2.119680000000000177e+02
1.760000000000000000e+02 1.320000000000000000e+02 2.119680000000000177e+02
1.860000000000000000e+02 1.260000000000000000e+02 2.119680000000000177e+02
1.840000000000000000e+02 1.260000000000000000e+02 2.119680000000000177e+02
1.880000000000000000e+02 1.260000000000000000e+02 2.119680000000000177e+02
1.900000000000000000e+02 1.260000000000000000e+02 2.150399999999999920e+02
1.880000000000000000e+02 1.280000000000000000e+02 2.119680000000000177e+02
1.900000000000000000e+02 1.280000000000000000e+02 2.119680000000000177e+02
1.880000000000000000e+02 1.300000000000000000e+02 2.119680000000000177e+02
1.900000000000000000e+02 1.300000000000000000e+02 2.119680000000000177e+02
1.880000000000000000e+02 1.320000000000000000e+02 2.119680000000000177e+02
1.900000000000000000e+02 1.320000000000000000e+02 2.129920000000000186e+02
1.860000000000000000e+02 1.280000000000000000e+02 2.119680000000000177e+02
1.840000000000000000e+02 1.280000000000000000e+02 2.119680000000000177e+02
1.860000000000000000e+02 1.300000000000000000e+02 2.129920000000000186e+02
1.840000000000000000e+02 1.300000000000000000e+02 2.119680000000000177e+02
1.860000000000000000e+02 1.320000000000000000e+02 2.140159999999999911e+02
1.840000000000000000e+02 1.320000000000000000e+02 2.109440000000000168e+02
1.940000000000000000e+02 1.260000000000000000e+02 2.109440000000000168e+02
1.920000000000000000e+02 1.260000000000000000e+02 2.109440000000000168e+02
1.960000000000000000e+02 1.260000000000000000e+02 2.109440000000000168e+02
1.980000000000000000e+02 1.260000000000000000e+02 2.109440000000000168e+02
1.960000000000000000e+02 1.280000000000000000e+02 2.119680000000000177e+02
1.980000000000000000e+02 1.280000000000000000e+02 2.119680000000000177e+02
1.960000000000000000e+02 1.300000000000000000e+02 2.119680000000000177e+02
1.980000000000000000e+02 1.300000000000000000e+02 2.129920000000000186e+02
1.960000000000000000e+02 1.320000000000000000e+02 2.129920000000000186e+02
1.980000000000000000e+02 1.320000000000000000e+02 2.129920000000000186e+02
1.940000000000000000e+02 1.280000000000000000e+02 2.119680000000000177e+02
1.920000000000000000e+02 1.280000000000000000e+02 2.119680000000000177e+02
1.940000000000000000e+02 1.300000000000000000e+02 2.119680000000000177e+02
1.920000000000000000e+02 1.300000000000000000e+02 2.119680000000000177e+02
1.940000000000000000e+02 1.320000000000000000e+02 2.109440000000000168e+02
1.920000000000000000e+02 1.320000000000000000e+02 2.109440000000000168e+02
2.020000000000000000e+02 1.260000000000000000e+02 2.109440000000000168e+02
2.000000000000000000e+02 1.260000000000000000e+02 2.129920000000000186e+02
2.040000000000000000e+02 1.260000000000000000e+02 2.129920000000000186e+02
2.060000000000000000e+02 1.260000000000000000e+02 2.119680000000000177e+02
2.040000000000000000e+02 1.280000000000000000e+02 2.109440000000000168e+02
2.060000000000000000e+02 1.280000000000000000e+02 2.109440000000000168e+02
2.040000000000000000e+02 1.300000000000000000e+02 2.119680000000000177e+02
2.060000000000000000e+02 1.300000000000000000e+02 2.109440000000000168e+02
2.040000000000000000e+02 1.320000000000000000e+02 2.129920000000000186e+02
2.060000000000000000e+02 1.320000000000000000e+02 2.109440000000000168e+02
2.020000000000000000e+02 1.280000000000000000e+02 2.109440000000000168e+02
2.000000000000000000e+02 1.280000000000000000e+02 2.109440000000000168e+02
2.020000000000000000e+02 1.300000000000000000e+02 2.109440000000000168e+02
2.000000000000000000e+02 1.300000000000000000e+02 2.109440000000000168e+02
2.020000000000000000e+02 1.320000000000000000e+02 2.119680000000000177e+02
2.000000000000000000e+02 1.320000000000000000e+02 2.129920000000000186e+02
1.140000000000000000e+02 1.260000000000000000e+02 2.099200000000000159e+02
1.120000000000000000e+02 1.260000000000000000e+02 2.109440000000000168e+02
1.160000000000000000e+02 1.260000000000000000e+02 2.099200000000000159e+02
1.180000000000000000e+02 1.260000000000000000e+02 2.099200000000000159e+02
1.160000000000000000e+02 1.240000000000000000e+02 2.140159999999999911e+02
1.160000000000000000e+02 1.280000000000000000e+02 2.129920000000000186e+02
1.180000000000000000e+02 1.280000000000000000e+02 2.119680000000000177e+02
1.160000000000000000e+02 1.300000000000000000e+02 2.129920000000000186e+02
1.180000000000000000e+02 1.300000000000000000e+02 2.129920000000000186e+02
1.140000000000000000e+02 1.280000000000000000e+02 2.119680000000000177e+02
1.120000000000000000e+02 1.280000000000000000e+02 2.129920000000000186e+02
1.140000000000000000e+02 1.300000000000000000e+02 2.129920000000000186e+02
1.120000000000000000e+02 1.300000000000000000e+02 2.119680000000000177e+02
1.140000000000000000e+02 1.320000000000000000e+02 2.099200000000000159e+02
1.120000000000000000e+02 1.320000000000000000e+02 2.129920000000000186e+02
1.220000000000000000e+02 1.260000000000000000e+02 2.129920000000000186e+02
1.200000000000000000e+02 1.260000000000000000e+02 2.129920000000000186e+02
1.240000000000000000e+02 1.260000000000000000e+02 2.140159999999999911e+02
1.260000000000000000e+02 1.260000000000000000e+02 2.140159999999999911e+02
1.240000000000000000e+02 1.280000000000000000e+02 2.119680000000000177e+02
1.260000000000000000e+02 1.280000000000000000e+02 2.129920000000000186e+02
1.240000000000000000e+02 1.300000000000000000e+02 2.119680000000000177e+02
1.260000000000000000e+02 1.300000000000000000e+02 2.119680000000000177e+02
1.240000000000000000e+02 1.320000000000000000e+02 2.109440000000000168e+02
1.220000000000000000e+02 1.280000000000000000e+02 2.119680000000000177e+02
1.200000000000000000e+02 1.280000000000000000e+02 2.119680000000000177e+02
1.220000000000000000e+02 1.300000000000000000e+02 2.129920000000000186e+02
1.200000000000000000e+02 1.300000000000000000e+02 2.119680000000000177e+02
1.220000000000000000e+02 1.320000000000000000e+02 2.088960000000000150e+02
1.200000000000000000e+02 1.320000000000000000e+02 2.129920000000000186e+02
1.620000000000000000e+02 1.260000000000000000e+02 2.109440000000000168e+02
1.600000000000000000e+02 1.260000000000000000e+02 2.129920000000000186e+02
1.640000000000000000e+02 1.260000000000000000e+02 2.109440000000000168e+02
1.660000000000000000e+02 1.260000000000000000e+02 2.129920000000000186e+02
1.640000000000000000e+02 1.280000000000000000e+02 2.119680000000000177e+02
1.660000000000000000e+02 1.280000000000000000e+02 2.129920000000000186e+02
1.640000000000000000e+02 1.300000000000000000e+02 2.129920000000000186e+02
1.660000000000000000e+02 1.300000000000000000e+02 2.129920000000000186e+02
1.620000000000000000e+02 1.280000000000000000e+02 2.129920000000000186e+02
1.600000000000000000e+02 1.280000000000000000e+02 2.129920000000000186e+02
1.620000000000000000e+02 1.300000000000000000e+02 2.119680000000000177e+02
1.600000000000000000e+02 1.300000000000000000e+02 2.129920000000000186e+02
1.620000000000000000e+02 1.320000000000000000e+02 2.129920000000000186e+02
1.600000000000000000e+02 1.320000000000000000e+02 2.129920000000000186e+02
1.700000000000000000e+02 1.260000000000000000e+02 2.119680000000000177e+02
1.680000000000000000e+02 1.260000000000000000e+02 2.129920000000000186e+02
1.720000000000000000e+02 1.260000000000000000e+02 2.140159999999999911e+02
1.740000000000000000e+02 1.260000000000000000e+02 2.119680000000000177e+02
1.720000000000000000e+02 1.280000000000000000e+02 2.119680000000000177e+02
1.740000000000000000e+02 1.280000000000000000e+02 2.119680000000000177e+02
1.720000000000000000e+02 1.300000000000000000e+02 2.129920000000000186e+02
1.740000000000000000e+02 1.300000000000000000e+02 2.119680000000000177e+02
1.720000000000000000e+02 1.320000000000000000e+02 2.099200000000000159e+02
1.740000000000000000e+02 1.320000000000000000e+02 2.140159999999999911e+02
1.700000000000000000e+02 1.280000000000000000e+02 2.119680000000000177e+02
1.680000000000000000e+02 1.280000000000000000e+02 2.119680000000000177e+02
1.700000000000000000e+02 1.300000000000000000e+02 2.129920000000000186e+02
1.680000000000000000e+02 1.300000000000000000e+02 2.119680000000000177e+02
1.700000000000000000e+02 1.320000000000000000e+02 2.109440000000000168e+02
1.680000000000000000e+02 1.320000000000000000e+02 2.150399999999999920e+02
2.100000000000000000e+02 1.260000000000000000e+02 2.109440000000000168e+02
2.080000000000000000e+02 1.260000000000000000e+02 2.109440000000000168e+02
2.120000000000000000e+02 1.260000000000000000e+02 2.109440000000000168e+02
2.140000000000000000e+02 1.260000000000000000e+02 2.109440000000000168e+02
2.120000000000000000e+02 1.280000000000000000e+02 2.109440000000000168e+02
2.140000000000000000e+02 1.280000000000000000e+02 2.099200000000000159e+02
2.120000000000000000e+02 1.300000000000000000e+02 2.099200000000000159e+02
2.100000000000000000e+02 1.280000000000000000e+02 2.119680000000000177e+02
2.080000000000000000e+02 1.280000000000000000e+02 2.119680000000000177e+02
2.100000000000000000e+02 1.300000000000000000e+02 2.109440000000000168e+02
2.080000000000000000e+02 1.300000000000000000e+02 2.119680000000000177e+02
2.100000000000000000e+02 1.320000000000000000e+02 2.109440000000000168e+02
2.180000000000000000e+02 1.260000000000000000e+02 2.119680000000000177e+02
2.200000000000000000e+02 1.260000000000000000e+02 2.129920000000000186e+02
2.220000000000000000e+02 1.260000000000000000e+02 2.129920000000000186e+02
2.200000000000000000e+02 1.280000000000000000e+02 2.119680000000000177e+02
2.220000000000000000e+02 1.280000000000000000e+02 2.119680000000000177e+02
2.200000000000000000e+02 1.300000000000000000e+02 2.068480000000000132e+02
2.220000000000000000e+02 1.300000000000000000e+02 2.068480000000000132e+02
2.180000000000000000e+02 1.280000000000000000e+02 2.109440000000000168e+02
2.160000000000000000e+02 1.280000000000000000e+02 2.099200000000000159e+02
