2.000000000000000000e+00 1.260000000000000000e+02 2.119680000000000177e+02
0.000000000000000000e+00 1.260000000000000000e+02 2.129920000000000186e+02
4.000000000000000000e+00 1.260000000000000000e+02 2.099200000000000159e+02
6.000000000000000000e+00 1.260000000000000000e+02 2.109440000000000168e+02
4.000000000000000000e+00 1.280000000000000000e+02 2.119680000000000177e+02
6.000000000000000000e+00 1.280000000000000000e+02 2.109440000000000168e+02
4.000000000000000000e+00 1.300000000000000000e+02 2.119680000000000177e+02
6.000000000000000000e+00 1.300000000000000000e+02 2.119680000000000177e+02
4.000000000000000000e+00 1.320000000000000000e+02 2.109440000000000168e+02
6.000000000000000000e+00 1.320000000000000000e+02 2.119680000000000177e+02
0.000000000000000000e+00 1.360000000000000000e+02 2.160639999999999930e+02
2.000000000000000000e+00 1.280000000000000000e+02 2.119680000000000177e+02
0.000000000000000000e+00 1.280000000000000000e+02 2.119680000000000177e+02
2.000000000000000000e+00 1.300000000000000000e+02 2.119680000000000177e+02
0.000000000000000000e+00 1.300000000000000000e+02 2.140159999999999911e+02
2.000000000000000000e+00 1.320000000000000000e+02 2.129920000000000186e+02
0.000000000000000000e+00 1.320000000000000000e+02 2.150399999999999920e+02
1.000000000000000000e+01 1.260000000000000000e+02 2.099200000000000159e+02
8.000000000000000000e+00 1.260000000000000000e+02 2.109440000000000168e+02
1.200000000000000000e+01 1.260000000000000000e+02 2.119680000000000177e+02
1.400000000000000000e+01 1.260000000000000000e+02 2.129920000000000186e+02
1.200000000000000000e+01 1.280000000000000000e+02 2.099200000000000159e+02
1.400000000000000000e+01 1.280000000000000000e+02 2.109440000000000168e+02
1.200000000000000000e+01 1.300000000000000000e+02 2.109440000000000168e+02
1.400000000000000000e+01 1.300000000000000000e+02 2.099200000000000159e+02
1.200000000000000000e+01 1.320000000000000000e+02 2.119680000000000177e+02
1.400000000000000000e+01 1.320000000000000000e+02 2.088960000000000150e+02
1.000000000000000000e+01 1.280000000000000000e+02 2.109440000000000168e+02
8.000000000000000000e+00 1.280000000000000000e+02 2.109440000000000168e+02
1.000000000000000000e+01 1.300000000000000000e+02 2.109440000000000168e+02
8.000000000000000000e+00 1.300000000000000000e+02 2.109440000000000168e+02
1.000000000000000000e+01 1.320000000000000000e+02 2.088960000000000150e+02
8.000000000000000000e+00 1.320000000000000000e+02 2.109440000000000168e+02
3.400000000000000000e+01 1.260000000000000000e+02 2.129920000000000186e+02
3.200000000000000000e+01 1.260000000000000000e+02 2.129920000000000186e+02
3.600000000000000000e+01 1.260000000000000000e+02 2.129920000000000186e+02
3.800000000000000000e+01 1.260000000000000000e+02 2.119680000000000177e+02
3.600000000000000000e+01 1.280000000000000000e+02 2.119680000000000177e+02
3.800000000000000000e+01 1.280000000000000000e+02 2.129920000000000186e+02
3.600000000000000000e+01 1.300000000000000000e+02 2.129920000000000186e+02
3.800000000000000000e+01 1.300000000000000000e+02 2.119680000000000177e+02
3.600000000000000000e+01 1.320000000000000000e+02 2.099200000000000159e+02
3.800000000000000000e+01 1.320000000000000000e+02 2.150399999999999920e+02
3.400000000000000000e+01 1.280000000000000000e+02 2.129920000000000186e+02
3.200000000000000000e+01 1.280000000000000000e+02 2.119680000000000177e+02
3.400000000000000000e+01 1.300000000000000000e+02 2.129920000000000186e+02
3.200000000000000000e+01 1.300000000000000000e+02 2.119680000000000177e+02
3.400000000000000000e+01 1.320000000000000000e+02 2.119680000000000177e+02
3.200000000000000000e+01 1.320000000000000000e+02 2.140159999999999911e+02
4.200000000000000000e+01 1.260000000000000000e+02 2.129920000000000186e+02
4.000000000000000000e+01 1.260000000000000000e+02 2.129920000000000186e+02
4.400000000000000000e+01 1.260000000000000000e+02 2.140159999999999911e+02
4.600000000000000000e+01 1.260000000000000000e+02 2.129920000000000186e+02
4.400000000000000000e+01 1.280000000000000000e+02 2.119680000000000177e+02
4.600000000000000000e+01 1.280000000000000000e+02 2.109440000000000168e+02
4.400000000000000000e+01 1.300000000000000000e+02 2.119680000000000177e+02
4.600000000000000000e+01 1.300000000000000000e+02 2.109440000000000168e+02
4.400000000000000000e+01 1.320000000000000000e+02 2.140159999999999911e+02
4.200000000000000000e+01 1.280000000000000000e+02 2.109440000000000168e+02
4.000000000000000000e+01 1.280000000000000000e+02 2.119680000000000177e+02
4.200000000000000000e+01 1.300000000000000000e+02 2.129920000000000186e+02
4.000000000000000000e+01 1.300000000000000000e+02 2.119680000000000177e+02
4.200000000000000000e+01 1.320000000000000000e+02 2.119680000000000177e+02
4.000000000000000000e+01 1.320000000000000000e+02 2.109440000000000168e+02
6.600000000000000000e+01 1.260000000000000000e+02 2.109440000000000168e+02
6.400000000000000000e+01 1.260000000000000000e+02 2.109440000000000168e+02
6.800000000000000000e+01 1.260000000000000000e+02 2.119680000000000177e+02
7.000000000000000000e+01 1.320000000000000000e+02 2.109440000000000168e+02
6.400000000000000000e+01 1.300000000000000000e+02 2.119680000000000177e+02
6.600000000000000000e+01 1.320000000000000000e+02 2.099200000000000159e+02
7.200000000000000000e+01 1.320000000000000000e+02 2.088960000000000150e+02
1.800000000000000000e+01 1.260000000000000000e+02 2.109440000000000168e+02
1.600000000000000000e+01 1.260000000000000000e+02 2.119680000000000177e+02
2.000000000000000000e+01 1.260000000000000000e+02 2.119680000000000177e+02
2.200000000000000000e+01 1.260000000000000000e+02 2.119680000000000177e+02
2.000000000000000000e+01 1.280000000000000000e+02 2.119680000000000177e+02
2.200000000000000000e+01 1.280000000000000000e+02 2.119680000000000177e+02
2.000000000000000000e+01 1.300000000000000000e+02 2.119680000000000177e+02
2.200000000000000000e+01 1.300000000000000000e+02 2.119680000000000177e+02
2.000000000000000000e+01 1.320000000000000000e+02 2.099200000000000159e+02
2.200000000000000000e+01 1.320000000000000000e+02 2.119680000000000177e+02
1.800000000000000000e+01 1.280000000000000000e+02 2.109440000000000168e+02
1.600000000000000000e+01 1.280000000000000000e+02 2.119680000000000177e+02
1.800000000000000000e+01 1.300000000000000000e+02 2.119680000000000177e+02
1.600000000000000000e+01 1.300000000000000000e+02 2.119680000000000177e+02
1.800000000000000000e+01 1.320000000000000000e+02 2.140159999999999911e+02
1.600000000000000000e+01 1.320000000000000000e+02 2.109440000000000168e+02
2.600000000000000000e+01 1.260000000000000000e+02 2.129920000000000186e+02
2.400000000000000000e+01 1.260000000000000000e+02 2.119680000000000177e+02
2.800000000000000000e+01 1.260000000000000000e+02 2.129920000000000186e+02
3.000000000000000000e+01 1.260000000000000000e+02 2.129920000000000186e+02
2.800000000000000000e+01 1.280000000000000000e+02 2.119680000000000177e+02
3.000000000000000000e+01 1.280000000000000000e+02 2.119680000000000177e+02
2.800000000000000000e+01 1.300000000000000000e+02 2.119680000000000177e+02
3.000000000000000000e+01 1.300000000000000000e+02 2.119680000000000177e+02
2.800000000000000000e+01 1.320000000000000000e+02 2.140159999999999911e+02
3.000000000000000000e+01 1.320000000000000000e+02 2.150399999999999920e+02
2.600000000000000000e+01 1.280000000000000000e+02 2.119680000000000177e+02
2.400000000000000000e+01 1.280000000000000000e+02 2.109440000000000168e+02
2.600000000000000000e+01 1.300000000000000000e+02 2.119680000000000177e+02
2.400000000000000000e+01 1.300000000000000000e+02 2.109440000000000168e+02
2.600000000000000000e+01 1.320000000000000000e+02 2.109440000000000168e+02
2.400000000000000000e+01 1.320000000000000000e+02 2.160639999999999930e+02
5.000000000000000000e+01 1.260000000000000000e+02 2.109440000000000168e+02
4.800000000000000000e+01 1.260000000000000000e+02 2.109440000000000168e+02
5.000000000000000000e+01 1.240000000000000000e+02 2.129920000000000186e+02
4.800000000000000000e+01 1.240000000000000000e+02 2.109440000000000168e+02
5.200000000000000000e+01 1.260000000000000000e+02 2.109440000000000168e+02
5.400000000000000000e+01 1.260000000000000000e+02 2.109440000000000168e+02
5.200000000000000000e+01 1.280000000000000000e+02 2.119680000000000177e+02
5.400000000000000000e+01 1.280000000000000000e+02 2.109440000000000168e+02
5.200000000000000000e+01 1.300000000000000000e+02 2.109440000000000168e+02
5.400000000000000000e+01 1.300000000000000000e+02 2.119680000000000177e+02
5.200000000000000000e+01 1.320000000000000000e+02 2.129920000000000186e+02
5.000000000000000000e+01 1.280000000000000000e+02 2.119680000000000177e+02
4.800000000000000000e+01 1.280000000000000000e+02 2.119680000000000177e+02
5.000000000000000000e+01 1.300000000000000000e+02 2.119680000000000177e+02
4.800000000000000000e+01 1.300000000000000000e+02 2.119680000000000177e+02
5.000000000000000000e+01 1.320000000000000000e+02 2.099200000000000159e+02
4.800000000000000000e+01 1.320000000000000000e+02 2.119680000000000177e+02
5.800000000000000000e+01 1.260000000000000000e+02 2.119680000000000177e+02
5.600000000000000000e+01 1.260000000000000000e+02 2.140159999999999911e+02
6.000000000000000000e+01 1.260000000000000000e+02 2.119680000000000177e+02
6.200000000000000000e+01 1.260000000000000000e+02 2.119680000000000177e+02
6.000000000000000000e+01 1.280000000000000000e+02 2.119680000000000177e+02
6.200000000000000000e+01 1.280000000000000000e+02 2.119680000000000177e+02
6.000000000000000000e+01 1.300000000000000000e+02 2.119680000000000177e+02
6.200000000000000000e+01 1.300000000000000000e+02 2.109440000000000168e+02
5.800000000000000000e+01 1.280000000000000000e+02 2.119680000000000177e+02
5.600000000000000000e+01 1.280000000000000000e+02 2.119680000000000177e+02
5.800000000000000000e+01 1.300000000000000000e+02 2.119680000000000177e+02
5.600000000000000000e+01 1.300000000000000000e+02 2.119680000000000177e+02
5.600000000000000000e+01 1.320000000000000000e+02 2.129920000000000186e+02
